(10, 29, 168),
(11, 30, 659),
(12, 31, 1298),
(13, 32, 1126),
(14, 33, 602),
(15, 34, 1076),
(16, 35, 197),
(17, 36, 1282),
(18, 37, 1169),
(19, 38, 213),
(20, 39, 133),
(21, 40, 1192),
(22, 41, 763),
(23, 42, 580),
(24, 43, 1039),
(25, 44, 1237),
(26, 45, 1175),
(27, 46, 1196),
(28, 47, 283),
(29, 48, 1185),
(30, 49, 1157),
(31, 50, 710),
(32, 51, 513),
(33, 52, 385),
(34, 53, 1311),
(35, 54, 341),
(36, 55, 1075),
(37, 56, 683),
(38, 57, 255),
(39, 58, 704),
(40, 59, 651),
(41, 60, 1213),
(42, 61, 70),
(43, 62, 701),
(44, 63, 701),
(45, 64, 595),
(46, 65, 74),
(47, 66, 808),
(48, 67, 999),
(49, 68, 559),
(50, 69, 329),
(51, 70, 190),
(52, 71, 1277),
(53, 72, 499),
(54, 73, 853),
(55, 74, 1134),
(56, 75, 776),
(57, 76, 896),
(58, 77, 808),
(59, 78, 221),
(60, 79, 108),
(61, 80, 1256),
(62, 81, 910),
(63, 82, 972),
(64, 83, 45),
(65, 84, 629),
(66, 85, 1014),
(67, 86, 517),
(68, 87, 686),
(69, 88, 20),
(70, 89, 1182),
(71, 90, 1181),
(72, 91, 300),
(73, 92, 1067),
(74, 93, 744),
(75, 94, 673),
(76, 95, 726),
(77, 96, 1025),
(78, 97, 1298),
(79, 98, 415),
(80, 99, 1064),
(81, 100, 1350),
(82, 101, 724),
(83, 102, 627),
(84, 103, 516),
(85, 104, 101),
(86, 105, 610),
(87, 106, 1335),
(88, 107, 716),
(89, 108, 1121),
(90, 109, 1349),
(91, 110, 768),
(92, 111, 904),
(93, 112, 805),
(94, 113, 1096),
(95, 114, 1356),
(96, 115, 264),
(97, 116, 638),
(98, 117, 1000),
(99, 118, 300),
(100, 119, 773),
(101, 120, 11),
(102, 121, 90),
(103, 122, 182),
(104, 123, 280),
(105, 124, 78),
(106, 125, 407),
(107, 126, 643),
(108, 127, 1207),
(109, 128, 116),
(110, 129, 639),
(111, 130, 1015),
(112, 131, 822),
(113, 132, 417),
(114, 133, 205),
(115, 134, 378),
(116, 135, 108),
(117, 136, 419),
(118, 137, 1139),
(119, 138, 253),
(120, 139, 303),
(121, 140, 1156),
(122, 141, 1260),
(123, 142, 470),
(124, 143, 439),
(125, 144, 1056),
(126, 145, 972),
(127, 146, 479),
(128, 147, 21),
(129, 148, 14),
(130, 149, 86),
(131, 150, 1199),
(132, 151, 284),
(133, 152, 1258),
(134, 153, 1066),
(135, 154, 987),
(136, 155, 858),
(137, 156, 1234),
(138, 157, 23),
(139, 158, 1260),
(140, 159, 518),
(141, 160, 1239),
(142, 161, 166),
(143, 162, 247),
(144, 163, 501),
(145, 164, 1064),
(146, 165, 1108),
(147, 166, 375),
(148, 167, 1258),
(149, 168, 726),
(150, 169, 660),
(151, 170, 977),
(152, 171, 511),
(153, 172, 710),
(154, 173, 1125),
(155, 174, 101),
(156, 175, 78),
(157, 176, 129),
(158, 177, 831),
(159, 178, 896),
(160, 179, 582),
(161, 180, 261),
(162, 181, 856),
(163, 182, 822),
(164, 183, 1324),
(165, 184, 9),
(166, 185, 669),
(167, 186, 73),
(168, 187, 1168),
(169, 188, 650),
(170, 189, 786),
(171, 190, 1348),
(172, 191, 194),
(173, 192, 1272),
(174, 193, 1263),
(175, 194, 552),
(176, 195, 832),
(177, 196, 639),
(178, 197, 169),
(179, 198, 1292),
(180, 199, 616),
(181, 200, 1224),
(182, 201, 452),
(183, 202, 505),
(184, 203, 121),
(185, 204, 59),
(186, 205, 955),
(187, 206, 1161),
(188, 207, 1074),
(189, 208, 1),
(190, 209, 13),
(191, 210, 1173),
(192, 211, 536),
(193, 212, 848),
(194, 213, 67),
(195, 214, 354),
(196, 215, 461),
(197, 216, 1155),
(198, 217, 1321),
(199, 218, 1236),
(200, 219, 806),
(201, 220, 869),
(202, 221, 420),
(203, 222, 1211),
(204, 223, 1051),
(205, 224, 719),
(206, 225, 465),
(207, 226, 522),
(208, 227, 1206),
(209, 228, 1182),
(210, 229, 22),
(211, 230, 293),
(212, 231, 1177),
(213, 232, 69),
(214, 233, 906),
(215, 234, 185),
(216, 235, 919),
(217, 236, 121),
(218, 237, 605),
(219, 238, 575),
(220, 239, 303),
(221, 240, 1284),
(222, 241, 134),
(223, 242, 902),
(224, 243, 969),
(225, 244, 1264),
(226, 245, 378),
(227, 246, 433),
(228, 247, 261),
(229, 248, 1083),
(230, 249, 373),
(231, 250, 280),
(232, 251, 1068),
(233, 252, 1344),
(234, 253, 440),
(235, 254, 428),
(236, 255, 1272),
(237, 256, 782),
(238, 257, 44),
(239, 258, 1304),
(240, 259, 412),
(241, 260, 1050),
(242, 261, 1343),
(243, 262, 1347),
(244, 263, 313),
(245, 264, 830),
(246, 265, 732),
(247, 266, 1136),
(248, 267, 131),
(249, 268, 620),
(250, 269, 873),
(251, 270, 1095),
(252, 271, 423),
(253, 272, 399),
(254, 273, 495),
(255, 274, 430),
(256, 275, 548),
(257, 276, 429),
(258, 277, 410),
(259, 278, 563),
(260, 279, 1270),
(261, 280, 389),
(262, 281, 801),
(263, 282, 899),
(264, 283, 496),
(265, 284, 1116),
(266, 285, 846),
(267, 286, 520),
(268, 287, 1303),
(269, 288, 1101),
(270, 289, 206),
(271, 290, 1039),
(272, 291, 539),
(273, 292, 1183),
(274, 293, 932),
(275, 294, 12),
(276, 295, 609),
(277, 296, 1357),
(278, 297, 202),
(279, 298, 785),
(280, 299, 747),
(281, 300, 1236),
(282, 301, 353),
(283, 302, 1308),
(284, 303, 1122),
(285, 304, 710),
(286, 305, 601),
(287, 306, 440),
(288, 307, 1207),
(289, 308, 10),
(290, 309, 338),
(291, 310, 309),
(292, 311, 191),
(293, 312, 234),
(294, 313, 835),
(295, 314, 104),
(296, 315, 1180),
(297, 316, 1264),
(298, 317, 491),
(299, 318, 960),
(300, 319, 11),
(301, 320, 1148),
(302, 321, 213),
(303, 322, 787),
(304, 323, 717),
(305, 324, 543),
(306, 325, 1347),
(307, 326, 779),
(308, 327, 1140),
(309, 328, 758),
(310, 329, 1087),
(311, 330, 549),
(312, 331, 700),
(313, 332, 67),
(314, 333, 974),
(315, 334, 1322),
(316, 335, 467),
(317, 336, 96),
(318, 337, 148),
(319, 338, 964),
(320, 339, 200),
(321, 340, 680),
(322, 341, 820),
(323, 342, 985),
(324, 343, 223),
(325, 344, 1234),
(326, 345, 317),
(327, 346, 619),
(328, 347, 1020),
(329, 348, 777),
(330, 349, 613),
(331, 350, 801),
(332, 351, 521),
(333, 352, 14),
(334, 353, 439),
(335, 354, 1047),
(336, 355, 561),
(337, 356, 869),
(338, 357, 437),
(339, 358, 946),
(340, 359, 687),
(341, 360, 808),
(342, 361, 176),
(343, 362, 96),
(344, 363, 925),
(345, 364, 165),
(346, 365, 289),
(347, 366, 489),
(348, 367, 870),
(349, 368, 226),
(350, 369, 1222),
(351, 370, 616),
(352, 371, 530),
(353, 372, 264),
(354, 373, 1079),
(355, 374, 1170),
(356, 375, 1303),
(357, 376, 381),
(358, 377, 1342),
(359, 378, 857),
(360, 379, 1059),
(361, 380, 663),
(362, 381, 486),
(363, 382, 239),
(364, 383, 1136),
(365, 384, 688),
(366, 385, 6),
(367, 386, 211),
(368, 387, 250),
(369, 388, 29),
(370, 389, 454),
(371, 390, 920),
(372, 391, 581),
(373, 392, 901),
(374, 393, 1258),
(375, 394, 372),
(376, 395, 967),
(377, 396, 306),
(378, 397, 1189),
(379, 398, 278),
(380, 399, 1316),
(381, 400, 809),
(382, 401, 784),
(383, 402, 558),
(384, 403, 740),
(385, 404, 477),
(386, 405, 789),
(387, 406, 728),
(388, 407, 1252),
(389, 408, 207),
(390, 409, 667),
(391, 410, 1201),
(392, 411, 891),
(393, 412, 1158),
(394, 413, 1190),
(395, 414, 1256),
(396, 415, 1283),
(397, 416, 1072),
(398, 417, 911),
(399, 418, 837),
(400, 419, 196),
(401, 420, 427),
(402, 421, 27),
(403, 422, 1111),
(404, 423, 216),
(405, 424, 367),
(406, 425, 1063),
(407, 426, 589),
(408, 427, 897),
(409, 428, 67),
(410, 429, 995),
(411, 430, 1146),
(412, 431, 1005),
(413, 432, 1290),
(414, 433, 1188),
(415, 434, 1051),
(416, 435, 686),
(417, 436, 31),
(418, 437, 1229),
(419, 438, 710),
(420, 439, 1348),
(421, 440, 677),
(422, 441, 891),
(423, 442, 248),
(424, 443, 1107),
(425, 444, 389),
(426, 445, 1191),
(427, 446, 737),
(428, 447, 465),
(429, 448, 1168),
(430, 449, 505),
(431, 450, 1335),
(432, 451, 1031),
(433, 452, 104),
(434, 453, 1174),
(435, 454, 272),
(436, 455, 734),
(437, 456, 885),
(438, 457, 1042),
(439, 458, 898),
(440, 459, 259),
(441, 460, 21),
(442, 461, 1264),
(443, 462, 21),
(444, 463, 319),
(445, 464, 649),
(446, 465, 1259),
(447, 466, 1133),
(448, 467, 927),
(449, 468, 163),
(450, 469, 609),
(451, 470, 494),
(452, 471, 259),
(453, 472, 316),
(454, 473, 1053),
(455, 474, 566),
(456, 475, 481),
(457, 476, 29),
(458, 477, 993),
(459, 478, 337),
(460, 479, 786),
(461, 480, 8),
(462, 481, 1237),
(463, 482, 486),
(464, 483, 1041),
(465, 484, 83),
(466, 485, 91),
(467, 486, 830),
(468, 487, 1244),
(469, 488, 900),
(470, 489, 810),
(471, 490, 317),
(472, 491, 765),
(473, 492, 1258),
(474, 493, 51),
(475, 494, 161),
(476, 495, 1145),
(477, 496, 476),
(478, 497, 174),
(479, 498, 34),
(480, 499, 345),
(481, 500, 1066),
(482, 501, 1331),
(483, 502, 1060),
(484, 503, 56),
(485, 504, 995),
(486, 505, 831),
(487, 506, 913),
(488, 507, 569),
(489, 508, 382),
(490, 509, 1077),
(491, 510, 798),
(492, 511, 306),
(493, 512, 163),
(494, 513, 12),
(495, 514, 1073),
(496, 515, 1148),
(497, 516, 843),
(498, 517, 784),
(499, 518, 891),
(500, 519, 855),
(501, 520, 541),
(502, 521, 1263),
(503, 522, 509),
(504, 523, 82),
(505, 524, 919),
(506, 525, 797),
(507, 526, 969),
(508, 527, 143),
(509, 528, 442),
(510, 529, 171),
(511, 530, 713),
(512, 531, 686),
(513, 532, 725),
(514, 533, 925),
(515, 534, 776),
(516, 535, 409),
(517, 536, 95),
(518, 537, 51),
(519, 538, 828),
(520, 539, 1004),
(521, 540, 1338),
(522, 541, 652),
(523, 542, 1013),
(524, 543, 307),
(525, 544, 737),
(526, 545, 242),
(527, 546, 947),
(528, 547, 582),
(529, 548, 834),
(530, 549, 731),
(531, 550, 834),
(532, 551, 264),
(533, 552, 242),
(534, 553, 227),
(535, 554, 1138),
(536, 555, 1101),
(537, 556, 54),
(538, 557, 855),
(539, 558, 60),
(540, 559, 217),
(541, 560, 365),
(542, 561, 1012),
(543, 562, 971),
(544, 563, 682),
(545, 564, 1240),
(546, 565, 614),
(547, 566, 846),
(548, 567, 26),
(549, 568, 89),
(550, 569, 686),
(551, 570, 536),
(552, 571, 967),
(553, 572, 655),
(554, 573, 819),
(555, 574, 332),
(556, 575, 1191),
(557, 576, 1173),
(558, 577, 339),
(559, 578, 579),
(560, 579, 76),
(561, 580, 963),
(562, 581, 1090),
(563, 582, 304),
(564, 583, 383),
(565, 584, 1147),
(566, 585, 1063),
(567, 586, 449),
(568, 587, 485),
(569, 588, 214),
(570, 589, 1149),
(571, 590, 884),
(572, 591, 168),
(573, 592, 832),
(574, 593, 663),
(575, 594, 245),
(576, 595, 1176),
(577, 596, 841),
(578, 597, 76),
(579, 598, 446),
(580, 599, 1348),
(581, 600, 285),
(582, 601, 1234),
(583, 602, 296),
(584, 603, 679),
(585, 604, 1204),
(586, 605, 764),
(587, 606, 299),
(588, 607, 1256),
(589, 608, 964),
(590, 609, 452),
(591, 610, 774),
(592, 611, 858),
(593, 612, 240),
(594, 613, 1332),
(595, 614, 762),
(596, 615, 1340),
(597, 616, 638),
(598, 617, 128),
(599, 618, 488),
(600, 619, 1116),
(601, 620, 1091),
(602, 621, 23),
(603, 622, 658),
(604, 623, 1212),
(605, 624, 946),
(606, 625, 1020),
(607, 626, 1078),
(608, 627, 399),
(609, 628, 207),
(610, 629, 261),
(611, 630, 1328),
(612, 631, 129),
(613, 632, 140),
(614, 633, 1236),
(615, 634, 968),
(616, 635, 1357),
(617, 636, 371),
(618, 637, 505),
(619, 638, 273),
(620, 639, 372),
(621, 640, 202),
(622, 641, 1117),
(623, 642, 1145),
(624, 643, 201),
(625, 644, 90),
(626, 645, 884),
(627, 646, 752),
(628, 647, 163),
(629, 648, 890),
(630, 649, 822),
(631, 650, 37),
(632, 651, 739),
(633, 652, 1157),
(634, 653, 475),
(635, 654, 995),
(636, 655, 462),
(637, 656, 894),
(638, 657, 315),
(639, 658, 144),
(640, 659, 819),
(641, 660, 844),
(642, 661, 699),
(643, 662, 48),
(644, 663, 656),
(645, 664, 201),
(646, 665, 1044),
(647, 666, 858),
(648, 667, 82),
(649, 668, 449),
(650, 669, 1351),
(651, 670, 815),
(652, 671, 1194),
(653, 672, 1240),
(654, 673, 727),
(655, 674, 564),
(656, 675, 1203),
(657, 676, 1194),
(658, 677, 1207),
(659, 678, 1052),
(660, 679, 571),
(661, 680, 811),
(662, 681, 542),
(663, 682, 960),
(664, 683, 105),
(665, 684, 1309),
(666, 685, 1290),
(667, 686, 1032),
(668, 687, 702),
(669, 688, 150),
(670, 689, 605),
(671, 690, 737),
(672, 691, 271),
(673, 692, 1351),
(674, 693, 51),
(675, 694, 456),
(676, 695, 988),
(677, 696, 925),
(678, 697, 147),
(679, 698, 412),
(680, 699, 914),
(681, 700, 899),
(682, 701, 1281),
(683, 702, 862),
(684, 703, 543),
(685, 704, 877),
(686, 705, 785),
(687, 706, 1197),
(688, 707, 975),
(689, 708, 1301),
(690, 709, 1351),
(691, 710, 523),
(692, 711, 38),
(693, 712, 28),
(694, 713, 188),
(695, 714, 1060),
(696, 715, 1215),
(697, 716, 834),
(698, 717, 519),
(699, 718, 73),
(700, 719, 1134),
(701, 720, 789),
(702, 721, 1040),
(703, 722, 1212),
(704, 723, 1182),
(705, 724, 1287),
(706, 725, 73),
(707, 726, 1189),
(708, 727, 623),
(709, 728, 318),
(710, 729, 280),
(711, 730, 152),
(712, 731, 473),
(713, 732, 1166),
(714, 733, 727),
(715, 734, 307),
(716, 735, 2),
(717, 736, 771),
(718, 737, 601),
(719, 738, 956),
(720, 739, 976),
(721, 740, 381),
(722, 741, 594),
(723, 742, 1064),
(724, 743, 321),
(725, 744, 946),
(726, 745, 364),
(727, 746, 1313),
(728, 747, 734),
(729, 748, 693),
(730, 749, 2),
(731, 750, 1231),
(732, 751, 281),
(733, 752, 241),
(734, 753, 805),
(735, 754, 462),
(736, 755, 43),
(737, 756, 176),
(738, 757, 73),
(739, 758, 322),
(740, 759, 1111),
(741, 760, 383),
(742, 761, 882),
(743, 762, 471),
(744, 763, 106),
(745, 764, 519),
(746, 765, 33),
(747, 766, 834),
(748, 767, 240),
(749, 768, 683),
(750, 769, 1151),
(751, 770, 1185),
(752, 771, 1115),
(753, 772, 40),
(754, 773, 176),
(755, 774, 649),
(756, 775, 840),
(757, 776, 1298),
(758, 777, 204),
(759, 778, 1339),
(760, 779, 424),
(761, 780, 780),
(762, 781, 473),
(763, 782, 1049),
(764, 783, 663),
(765, 784, 489),
(766, 785, 860),
(767, 786, 1065),
(768, 787, 317),
(769, 788, 911),
(770, 789, 720),
(771, 790, 245),
(772, 791, 362),
(773, 792, 282),
(774, 793, 1041),
(775, 794, 451),
(776, 795, 119),
(777, 796, 1140),
(778, 797, 691),
(779, 798, 195),
(780, 799, 750),
(781, 800, 406),
(782, 801, 886),
(783, 802, 1348),
(784, 803, 1093),
(785, 804, 798),
(786, 805, 208),
(787, 806, 658),
(788, 807, 72),
(789, 808, 1348),
(790, 809, 1158),
(791, 810, 1185),
(792, 811, 450),
(793, 812, 168),
(794, 813, 857),
(795, 814, 763),
(796, 815, 1029),
(797, 816, 178),
(798, 817, 374),
(799, 818, 1061),
(800, 819, 846),
(801, 820, 347),
(802, 821, 615),
(803, 822, 126),
(804, 823, 218),
(805, 824, 667),
(806, 825, 328),
(807, 826, 1265),
(808, 827, 733),
(809, 828, 853),
(810, 829, 167),
(811, 830, 739),
(812, 831, 586),
(813, 832, 324),
(814, 833, 678),
(815, 834, 1162),
(816, 835, 231),
(817, 836, 1286),
(818, 837, 1144),
(819, 838, 497),
(820, 839, 961),
(821, 840, 1211),
(822, 841, 506),
(823, 842, 1272),
(824, 843, 851),
(825, 844, 573),
(826, 845, 364),
(827, 846, 1059),
(828, 847, 671),
(829, 848, 1140),
(830, 849, 547),
(831, 850, 190),
(832, 851, 384),
(833, 852, 37),
(834, 853, 832),
(835, 854, 159),
(836, 855, 1248),
(837, 856, 1319),
(838, 857, 1212),
(839, 858, 1171),
(840, 859, 1055),
(841, 860, 53),
(842, 861, 931),
(843, 862, 161),
(844, 863, 645),
(845, 864, 414),
(846, 865, 546),
(847, 866, 70),
(848, 867, 558),
(849, 868, 1291),
(850, 869, 931),
(851, 870, 481),
(852, 871, 120),
(853, 872, 962),
(854, 873, 784),
(855, 874, 914),
(856, 875, 113),
(857, 876, 922),
(858, 877, 771),
(859, 878, 25),
(860, 879, 961),
(861, 880, 394),
(862, 881, 455),
(863, 882, 801),
(864, 883, 1110),
(865, 884, 553),
(866, 885, 138),
(867, 886, 464),
(868, 887, 733),
(869, 888, 234),
(870, 889, 313),
(871, 890, 1007),
(872, 891, 206),
(873, 892, 1086),
(874, 893, 172),
(875, 894, 848),
(876, 895, 1143),
(877, 896, 118),
(878, 897, 651),
(879, 898, 62),
(880, 899, 531),
(881, 900, 683),
(882, 901, 1315),
(883, 902, 254),
(884, 903, 364),
(885, 904, 300),
(886, 905, 1078),
(887, 906, 372),
(888, 907, 296),
(889, 908, 121),
(890, 909, 861),
(891, 910, 1218),
(892, 911, 881),
(893, 912, 729),
(894, 913, 764),
(895, 914, 897),
(896, 915, 810),
(897, 916, 731),
(898, 917, 910),
(899, 918, 1280),
(900, 919, 1257),
(901, 920, 768),
(902, 921, 46),
(903, 922, 1186),
(904, 923, 211),
(905, 924, 709),
(906, 925, 470),
(907, 926, 1112),
(908, 927, 867),
(909, 928, 321),
(910, 929, 414),
(911, 930, 1121),
(912, 931, 556),
(913, 932, 235),
(914, 933, 1),
(915, 934, 15),
(916, 935, 105),
(917, 936, 907),
(918, 937, 83),
(919, 938, 182),
(920, 939, 969),
(921, 940, 579),
(922, 941, 195),
(923, 942, 755),
(924, 943, 101),
(925, 944, 765),
(926, 945, 739),
(927, 946, 1075),
(928, 947, 1015),
(929, 948, 135),
(930, 949, 906),
(931, 950, 446),
(932, 951, 49),
(933, 952, 925),
(934, 953, 483),
(935, 954, 613),
(936, 955, 148),
(937, 956, 950),
(938, 957, 1240),
(939, 958, 1061),
(940, 959, 623),
(941, 960, 1268),
(942, 961, 225),
(943, 962, 914),
(944, 963, 971),
(945, 964, 808),
(946, 965, 104),
(947, 966, 752),
(948, 967, 921),
(949, 968, 330),
(950, 969, 468),
(951, 970, 158),
(952, 971, 1249),
(953, 972, 414),
(954, 973, 506),
(955, 974, 1052),
(956, 975, 648),
(957, 976, 1142),
(958, 977, 422),
(959, 978, 404),
(960, 979, 749),
(961, 980, 17),
(962, 981, 199),
(963, 982, 27),
(964, 983, 68),
(965, 984, 558),
(966, 985, 466),
(967, 986, 1054),
(968, 987, 353),
(969, 988, 483),
(970, 989, 1242),
(971, 990, 1092),
(972, 991, 569),
(973, 992, 431),
(974, 993, 7),
(975, 994, 852),
(976, 995, 162),
(977, 996, 667),
(978, 997, 557),
(979, 998, 270),
(980, 999, 49),
(981, 1000, 1315),
(982, 1001, 1182),
(983, 1002, 1132),
(984, 1003, 214),
(985, 1004, 532),
(986, 1005, 961),
(987, 1006, 714),
(988, 1007, 853),
(989, 1008, 200),
(990, 1009, 919),
(991, 1010, 981),
(992, 1011, 801),
(993, 1012, 840),
(994, 1013, 1035),
(995, 1014, 814),
(996, 1015, 358),
(997, 1016, 617),
(998, 1017, 230),
(999, 1018, 749),
(1000, 1019, 10),
(1001, 1020, 295),
(1002, 1021, 876),
(1003, 1022, 857),
(1004, 1023, 143),
(1005, 1024, 872),
(1006, 1025, 1314),
(1007, 1026, 66),
(1008, 1027, 1101),
(1009, 1028, 1187),
(1010, 1029, 152),
(1011, 1030, 35),
(1012, 1031, 864),
(1013, 1032, 639),
(1014, 1033, 1278),
(1015, 1034, 751),
(1016, 1035, 1302),
(1017, 1036, 691),
(1018, 1037, 232),
(1019, 1038, 532),
(1020, 1039, 471),
(1021, 1040, 815),
(1022, 1041, 163),
(1023, 1042, 297),
(1024, 1043, 522),
(1025, 1044, 659),
(1026, 1045, 230),
(1027, 1046, 43),
(1028, 1047, 793),
(1029, 1048, 800),
(1030, 1049, 673),
(1031, 1050, 103),
(1032, 1051, 1190),
(1033, 1052, 968),
(1034, 1053, 1176),
(1035, 1054, 4),
(1036, 1055, 1047),
(1037, 1056, 206),
(1038, 1057, 547),
(1039, 1058, 133),
(1040, 1059, 717),
(1041, 1060, 326),
(1042, 1061, 170),
(1043, 1062, 893),
(1044, 1063, 162),
(1045, 1064, 230),
(1046, 1065, 60),
(1047, 1066, 239),
(1048, 1067, 806),
(1049, 1068, 58),
(1050, 1069, 512),
(1051, 1070, 476),
(1052, 1071, 1302),
(1053, 1072, 1207),
(1054, 1073, 478),
(1055, 1074, 1222),
(1056, 1075, 820),
(1057, 1076, 1245),
(1058, 1077, 60),
(1059, 1078, 236),
(1060, 1079, 268),
(1061, 1080, 1160),
(1062, 1081, 854),
(1063, 1082, 527),
(1064, 1083, 425),
(1065, 1084, 226),
(1066, 1085, 383),
(1067, 1086, 851),
(1068, 1087, 755),
(1069, 1088, 980),
(1070, 1089, 181),
(1071, 1090, 537),
(1072, 1091, 1018),
(1073, 1092, 1061),
(1074, 1093, 272),
(1075, 1094, 662),
(1076, 1095, 359),
(1077, 1096, 593),
(1078, 1097, 472),
(1079, 1098, 168),
(1080, 1099, 1279),
(1081, 1100, 1185),
(1082, 1101, 11),
(1083, 1102, 814),
(1084, 1103, 394),
(1085, 1104, 1030),
(1086, 1105, 1322),
(1087, 1106, 42),
(1088, 1107, 427),
(1089, 1108, 440),
(1090, 1109, 466),
(1091, 1110, 1344),
(1092, 1111, 1069),
(1093, 1112, 1152),
(1094, 1113, 73),
(1095, 1114, 170),
(1096, 1115, 1206),
(1097, 1116, 757),
(1098, 1117, 174),
(1099, 1118, 918),
(1100, 1119, 922),
(1101, 1120, 129),
(1102, 1121, 507),
(1103, 1122, 360),
(1104, 1123, 797),
(1105, 1124, 360),
(1106, 1125, 1026),
(1107, 1126, 1260),
(1108, 1127, 901),
(1109, 1128, 195),
(1110, 1129, 694),
(1111, 1130, 121),
(1112, 1131, 466),
(1113, 1132, 597),
(1114, 1133, 138),
(1115, 1134, 679),
(1116, 1135, 1355),
(1117, 1136, 293),
(1118, 1137, 546),
(1119, 1138, 831),
(1120, 1139, 1009),
(1121, 1140, 85),
(1122, 1141, 1278),
(1123, 1142, 806),
(1124, 1143, 1041),
(1125, 1144, 618),
(1126, 1145, 27),
(1127, 1146, 168),
(1128, 1147, 1185),
(1129, 1148, 723),
(1130, 1149, 810),
(1131, 1150, 1081),
(1132, 1151, 1309),
(1133, 1152, 727),
(1134, 1153, 1093),
(1135, 1154, 1253),
(1136, 1155, 1228),
(1137, 1156, 406),
(1138, 1157, 219),
(1139, 1158, 30),
(1140, 1159, 666),
(1141, 1160, 1194),
(1142, 1161, 1220),
(1143, 1162, 475),
(1144, 1163, 1153),
(1145, 1164, 118),
(1146, 1165, 1099),
(1147, 1166, 460),
(1148, 1167, 155),
(1149, 1168, 603),
(1150, 1169, 877),
(1151, 1170, 832),
(1152, 1171, 583),
(1153, 1172, 364),
(1154, 1173, 37),
(1155, 1174, 1041),
(1156, 1175, 381),
(1157, 1176, 812),
(1158, 1177, 439),
(1159, 1178, 278),
(1160, 1179, 849),
(1161, 1180, 237),
(1162, 1181, 488),
(1163, 1182, 1091),
(1164, 1183, 965),
(1165, 1184, 733),
(1166, 1185, 252),
(1167, 1186, 310),
(1168, 1187, 682),
(1169, 1188, 944),
(1170, 1189, 712),
(1171, 1190, 109),
(1172, 1191, 610),
(1173, 1192, 1127),
(1174, 1193, 861),
(1175, 1194, 335),
(1176, 1195, 603),
(1177, 1196, 743),
(1178, 1197, 98),
(1179, 1198, 761),
(1180, 1199, 72),
(1181, 1200, 1045),
(1182, 1201, 618),
(1183, 1202, 520),
(1184, 1203, 1236),
(1185, 1204, 1006),
(1186, 1205, 488),
(1187, 1206, 293),
(1188, 1207, 82),
(1189, 1208, 324),
(1190, 1209, 132),
(1191, 1210, 975),
(1192, 1211, 412),
(1193, 1212, 59),
(1194, 1213, 838),
(1195, 1214, 146),
(1196, 1215, 110),
(1197, 1216, 1307),
(1198, 1217, 1337),
(1199, 1218, 1064),
(1200, 1219, 509),
(1201, 1220, 982),
(1202, 1221, 449),
(1203, 1222, 1119),
(1204, 1223, 1282),
(1205, 1224, 259),
(1206, 1225, 155),
(1207, 1226, 340),
(1208, 1227, 105),
(1209, 1228, 77),
(1210, 1229, 696),
(1211, 1230, 1348),
(1212, 1231, 1151),
(1213, 1232, 653),
(1214, 1233, 731),
(1215, 1234, 1091),
(1216, 1235, 512),
(1217, 1236, 914),
(1218, 1237, 1235),
(1219, 1238, 398),
(1220, 1239, 808),
(1221, 1240, 796),
(1222, 1241, 143),
(1223, 1242, 1235),
(1224, 1243, 1225),
(1225, 1244, 301),
(1226, 1245, 353),
(1227, 1246, 862),
(1228, 1247, 554),
(1229, 1248, 576),
(1230, 1249, 391),
(1231, 1250, 839),
(1232, 1251, 95),
(1233, 1252, 233),
(1234, 1253, 715),
(1235, 1254, 970),
(1236, 1255, 1179),
(1237, 1256, 782),
(1238, 1257, 97),
(1239, 1258, 580),
(1240, 1259, 763),
(1241, 1260, 651),
(1242, 1261, 970),
(1243, 1262, 357),
(1244, 1263, 1113),
(1245, 1264, 684),
(1246, 1265, 1276),
(1247, 1266, 1190),
(1248, 1267, 1115),
(1249, 1268, 8),
(1250, 1269, 949),
(1251, 1270, 574),
(1252, 1271, 34),
(1253, 1272, 254),
(1254, 1273, 421),
(1255, 1274, 169),
(1256, 1275, 65),
(1257, 1276, 17),
(1258, 1277, 743),
(1259, 1278, 726),
(1260, 1279, 761),
(1261, 1280, 75),
(1262, 1281, 531),
(1263, 1282, 1048),
(1264, 1283, 448),
(1265, 1284, 454),
(1266, 1285, 401),
(1267, 1286, 726),
(1268, 1287, 649),
(1269, 1288, 1084),
(1270, 1289, 598),
(1271, 1290, 682),
(1272, 1291, 264),
(1273, 1292, 49),
(1274, 1293, 490),
(1275, 1294, 1046),
(1276, 1295, 690),
(1277, 1296, 604),
(1278, 1297, 821),
(1279, 1298, 1043),
(1280, 1299, 525),
(1281, 1300, 94),
(1282, 1301, 22),
(1283, 1302, 732),
(1284, 1303, 105),
(1285, 1304, 345),
(1286, 1305, 249),
(1287, 1306, 177),
(1288, 1307, 1116),
(1289, 1308, 1102),
(1290, 1309, 514),
(1291, 1310, 709),
(1292, 1311, 1357),
(1293, 1312, 143),
(1294, 1313, 656),
(1295, 1314, 1205),
(1296, 1315, 143),
(1297, 1316, 1243),
(1298, 1317, 1098),
(1299, 1318, 787),
(1300, 1319, 400),
(1301, 1320, 1124),
(1302, 1321, 1226),
(1303, 1322, 549),
(1304, 1323, 984),
(1305, 1324, 656),
(1306, 1325, 377),
(1307, 1326, 1092),
(1308, 1327, 1203),
(1309, 1328, 1344),
(1310, 1329, 248),
(1311, 1330, 754),
(1312, 1331, 976),
(1313, 1332, 700),
(1314, 1333, 1269),
(1315, 1334, 51),
(1316, 1335, 697),
(1317, 1336, 157),
(1318, 1337, 1041),
(1319, 1338, 985),
(1320, 1339, 678),
(1321, 1340, 782),
(1322, 1341, 369),
(1323, 1342, 429),
(1324, 1343, 501),
(1325, 1344, 94),
(1326, 1345, 862),
(1327, 1346, 1291),
(1328, 1347, 1184),
(1329, 1348, 1328),
(1330, 1349, 172),
(1331, 1350, 3),
(1332, 1351, 880),
(1333, 1352, 238),
(1334, 1353, 326),
(1335, 29, 446),
(1336, 30, 553),
(1337, 31, 86),
(1338, 32, 1064),
(1339, 33, 848),
(1340, 34, 876),
(1341, 35, 1015),
(1342, 36, 1139),
(1343, 37, 1138),
(1344, 38, 102),
(1345, 39, 1107),
(1346, 40, 552),
(1347, 41, 111),
(1348, 42, 919),
(1349, 43, 772),
(1350, 44, 165),
(1351, 45, 1027),
(1352, 46, 1110),
(1353, 47, 917),
(1354, 48, 1307),
(1355, 49, 1),
(1356, 50, 403),
(1357, 51, 260),
(1358, 52, 1263),
(1359, 53, 547),
(1360, 54, 824),
(1361, 55, 700),
(1362, 56, 643),
(1363, 57, 978),
(1364, 58, 125),
(1365, 59, 1052),
(1366, 60, 249),
(1367, 61, 382),
(1368, 62, 986),
(1369, 63, 378),
(1370, 64, 410),
(1371, 65, 1162),
(1372, 66, 438),
(1373, 67, 1289),
(1374, 68, 746),
(1375, 69, 555),
(1376, 70, 553),
(1377, 71, 433),
(1378, 72, 1196),
(1379, 73, 791),
(1380, 74, 759),
(1381, 75, 235),
(1382, 76, 665),
(1383, 77, 1215),
(1384, 78, 812),
(1385, 79, 1063),
(1386, 80, 535),
(1387, 81, 597),
(1388, 82, 1351),
(1389, 83, 738),
(1390, 84, 793),
(1391, 85, 1036),
(1392, 86, 537),
(1393, 87, 19),
(1394, 88, 487),
(1395, 89, 947),
(1396, 90, 368),
(1397, 91, 1244),
(1398, 92, 1238),
(1399, 93, 1237),
(1400, 94, 1105),
(1401, 95, 798),
(1402, 96, 759),
(1403, 97, 1174),
(1404, 98, 827),
(1405, 99, 471),
(1406, 100, 998),
(1407, 101, 1006),
(1408, 102, 306),
(1409, 103, 1357),
(1410, 104, 13),
(1411, 105, 721),
(1412, 106, 781),
(1413, 107, 558),
(1414, 108, 1021),
(1415, 109, 494),
(1416, 110, 89),
(1417, 111, 953),
(1418, 112, 434),
(1419, 113, 496),
(1420, 114, 466),
(1421, 115, 1029),
(1422, 116, 500),
(1423, 117, 676),
(1424, 118, 403),
(1425, 119, 876),
(1426, 120, 1223),
(1427, 121, 1137),
(1428, 122, 1198),
(1429, 123, 1126),
(1430, 124, 1004),
(1431, 125, 845),
(1432, 126, 800),
(1433, 127, 113),
(1434, 128, 515),
(1435, 129, 193),
(1436, 130, 17),
(1437, 131, 134),
(1438, 132, 201),
(1439, 133, 1159),
(1440, 134, 611),
(1441, 135, 364),
(1442, 136, 1291),
(1443, 137, 343),
(1444, 138, 51),
(1445, 139, 151),
(1446, 140, 170),
(1447, 141, 477),
(1448, 142, 1354),
(1449, 143, 1203),
(1450, 144, 1168),
(1451, 145, 1079),
(1452, 146, 760),
(1453, 147, 117),
(1454, 148, 329),
(1455, 149, 598),
(1456, 150, 782),
(1457, 151, 636),
(1458, 152, 680),
(1459, 153, 46),
(1460, 154, 908),
(1461, 155, 1226),
(1462, 156, 603),
(1463, 157, 971),
(1464, 158, 989),
(1465, 159, 556),
(1466, 160, 639),
(1467, 161, 878),
(1468, 162, 299),
(1469, 163, 1335),
(1470, 164, 211),
(1471, 165, 695),
(1472, 166, 742),
(1473, 167, 601),
(1474, 168, 1303),
(1475, 169, 666),
(1476, 170, 979),
(1477, 171, 824),
(1478, 172, 129),
(1479, 173, 369),
(1480, 174, 924),
(1481, 175, 1287),
(1482, 176, 976),
(1483, 177, 248),
(1484, 178, 316),
(1485, 179, 1218),
(1486, 180, 296),
(1487, 181, 774),
(1488, 182, 300),
(1489, 183, 1345),
(1490, 184, 562),
(1491, 185, 348),
(1492, 186, 519),
(1493, 187, 255),
(1494, 188, 1293),
(1495, 189, 1118),
(1496, 190, 560),
(1497, 191, 573),
(1498, 192, 636),
(1499, 193, 705),
(1500, 194, 448),
(1501, 195, 1353),
(1502, 196, 601),
(1503, 197, 1173),
(1504, 198, 448),
(1505, 199, 925),
(1506, 200, 1152),
(1507, 201, 194),
(1508, 202, 912),
(1509, 203, 1341),
(1510, 204, 459),
(1511, 205, 1085),
(1512, 206, 502),
(1513, 207, 26),
(1514, 208, 462),
(1515, 209, 735),
(1516, 210, 1160),
(1517, 211, 1137),
(1518, 212, 1334),
(1519, 213, 460),
(1520, 214, 1237),
(1521, 215, 1249),
(1522, 216, 256),
(1523, 217, 164),
(1524, 218, 541),
(1525, 219, 46),
(1526, 220, 168),
(1527, 221, 1177),
(1528, 222, 371),
(1529, 223, 491),
(1530, 224, 790),
(1531, 225, 717),
(1532, 226, 98),
(1533, 227, 1051),
(1534, 228, 870),
(1535, 229, 994),
(1536, 230, 270),
(1537, 231, 901),
(1538, 232, 374),
(1539, 233, 1237),
(1540, 234, 142),
(1541, 235, 604),
(1542, 236, 430),
(1543, 237, 444),
(1544, 238, 389),
(1545, 239, 475),
(1546, 240, 528),
(1547, 241, 280),
(1548, 242, 1354),
(1549, 243, 799),
(1550, 244, 117),
(1551, 245, 565),
(1552, 246, 248),
(1553, 247, 549),
(1554, 248, 1070),
(1555, 249, 311),
(1556, 250, 495),
(1557, 251, 547),
(1558, 252, 680),
(1559, 253, 540),
(1560, 254, 477),
(1561, 255, 397),
(1562, 256, 495),
(1563, 257, 946),
(1564, 258, 611),
(1565, 259, 517),
(1566, 260, 747),
(1567, 261, 1092),
(1568, 262, 744),
(1569, 263, 1116),
(1570, 264, 866),
(1571, 265, 1264),
(1572, 266, 349),
(1573, 267, 914),
(1574, 268, 897),
(1575, 269, 810),
(1576, 270, 39),
(1577, 271, 432),
(1578, 272, 662),
(1579, 273, 208),
(1580, 274, 1096),
(1581, 275, 1008),
(1582, 276, 642),
(1583, 277, 391),
(1584, 278, 1190),
(1585, 279, 791),
(1586, 280, 117),
(1587, 281, 769),
(1588, 282, 163),
(1589, 283, 240),
(1590, 284, 773),
(1591, 285, 956),
(1592, 286, 799),
(1593, 287, 655),
(1594, 288, 220),
(1595, 289, 856),
(1596, 290, 1269),
(1597, 291, 452),
(1598, 292, 331),
(1599, 293, 408),
(1600, 294, 207),
(1601, 295, 1053),
(1602, 296, 312),
(1603, 297, 226),
(1604, 298, 335),
(1605, 299, 1121),
(1606, 300, 270),
(1607, 301, 217),
(1608, 302, 878),
(1609, 303, 343),
(1610, 304, 492),
(1611, 305, 602),
(1612, 306, 917),
(1613, 307, 904),
(1614, 308, 1344),
(1615, 309, 1125),
(1616, 310, 442),
(1617, 311, 909),
(1618, 312, 129),
(1619, 313, 1023),
(1620, 314, 1021),
(1621, 315, 433),
(1622, 316, 488),
(1623, 317, 537),
(1624, 318, 835),
(1625, 319, 142),
(1626, 320, 823),
(1627, 321, 264),
(1628, 322, 881),
(1629, 323, 969),
(1630, 324, 1113),
(1631, 325, 254),
(1632, 326, 304),
(1633, 327, 121),
(1634, 328, 415),
(1635, 329, 728),
(1636, 330, 905),
(1637, 331, 1041),
(1638, 332, 1189),
(1639, 333, 90),
(1640, 334, 551),
(1641, 335, 666),
(1642, 336, 183),
(1643, 337, 195),
(1644, 338, 807),
(1645, 339, 582),
(1646, 340, 369),
(1647, 341, 1075),
(1648, 342, 225),
(1649, 343, 642),
(1650, 344, 268),
(1651, 345, 1275),
(1652, 346, 1160),
(1653, 347, 88),
(1654, 348, 905),
(1655, 349, 308),
(1656, 350, 1323),
(1657, 351, 1226),
(1658, 352, 161),
(1659, 353, 964),
(1660, 354, 323),
(1661, 355, 778),
(1662, 356, 973),
(1663, 357, 1190),
(1664, 358, 318),
(1665, 359, 729),
(1666, 360, 619),
(1667, 361, 962),
(1668, 362, 836),
(1669, 363, 1042),
(1670, 364, 535),
(1671, 365, 625),
(1672, 366, 354),
(1673, 367, 321),
(1674, 368, 981),
(1675, 369, 1113),
(1676, 370, 496),
(1677, 371, 493),
(1678, 372, 82),
(1679, 373, 233),
(1680, 374, 206),
(1681, 375, 1056),
(1682, 376, 1258),
(1683, 377, 672),
(1684, 378, 833),
(1685, 379, 562),
(1686, 380, 1343),
(1687, 381, 1198),
(1688, 382, 945),
(1689, 383, 67),
(1690, 384, 399),
(1691, 385, 1031),
(1692, 386, 453),
(1693, 387, 1151),
(1694, 388, 366),
(1695, 389, 121),
(1696, 390, 476),
(1697, 391, 815),
(1698, 392, 794),
(1699, 393, 715),
(1700, 394, 530),
(1701, 395, 17),
(1702, 396, 76),
(1703, 397, 192),
(1704, 398, 229),
(1705, 399, 574),
(1706, 400, 1305),
(1707, 401, 141),
(1708, 402, 1234),
(1709, 403, 637),
(1710, 404, 450),
(1711, 405, 425),
(1712, 406, 1347),
(1713, 407, 889),
(1714, 408, 406),
(1715, 409, 299),
(1716, 410, 197),
(1717, 411, 1051),
(1718, 412, 1125),
(1719, 413, 909),
(1720, 414, 10),
(1721, 415, 282),
(1722, 416, 678),
(1723, 417, 357),
(1724, 418, 851),
(1725, 419, 496),
(1726, 420, 330),
(1727, 421, 1009),
(1728, 422, 1327),
(1729, 423, 157),
(1730, 424, 1101),
(1731, 425, 278),
(1732, 426, 844),
(1733, 427, 1118),
(1734, 428, 1080),
(1735, 429, 434),
(1736, 430, 196),
(1737, 431, 1116),
(1738, 432, 1196),
(1739, 433, 761),
(1740, 434, 767),
(1741, 435, 539),
(1742, 436, 769),
(1743, 437, 968),
(1744, 438, 1225),
(1745, 439, 679),
(1746, 440, 593),
(1747, 441, 615),
(1748, 442, 608),
(1749, 443, 1289),
(1750, 444, 962),
(1751, 445, 733),
(1752, 446, 1081),
(1753, 447, 155),
(1754, 448, 573),
(1755, 449, 498),
(1756, 450, 713),
(1757, 451, 179),
(1758, 452, 792),
(1759, 453, 560),
(1760, 454, 651),
(1761, 455, 162),
(1762, 456, 531),
(1763, 457, 1352),
(1764, 458, 361),
(1765, 459, 1105),
(1766, 460, 1082),
(1767, 461, 1291),
(1768, 462, 549),
(1769, 463, 1113),
(1770, 464, 500),
(1771, 465, 1249),
(1772, 466, 303),
(1773, 467, 886),
(1774, 468, 949),
(1775, 469, 294),
(1776, 470, 415),
(1777, 471, 1287),
(1778, 472, 370),
(1779, 473, 519),
(1780, 474, 176),
(1781, 475, 124),
(1782, 476, 1058),
(1783, 477, 911),
(1784, 478, 234),
(1785, 479, 607),
(1786, 480, 54),
(1787, 481, 565),
(1788, 482, 1227),
(1789, 483, 220),
(1790, 484, 632),
(1791, 485, 489),
(1792, 486, 882),
(1793, 487, 669),
(1794, 488, 162),
(1795, 489, 949),
(1796, 490, 697),
(1797, 491, 397),
(1798, 492, 741),
(1799, 493, 15),
(1800, 494, 758),
(1801, 495, 476),
(1802, 496, 1153),
(1803, 497, 702),
(1804, 498, 431),
(1805, 499, 573),
(1806, 500, 495),
(1807, 501, 717),
(1808, 502, 1058),
(1809, 503, 986),
(1810, 504, 750),
(1811, 505, 657),
(1812, 506, 695),
(1813, 507, 189),
(1814, 508, 623),
(1815, 509, 763),
(1816, 510, 1329),
(1817, 511, 543),
(1818, 512, 174),
(1819, 513, 1127),
(1820, 514, 161),
(1821, 515, 369),
(1822, 516, 296),
(1823, 517, 1108),
(1824, 518, 943),
(1825, 519, 1075),
(1826, 520, 707),
(1827, 521, 573),
(1828, 522, 723),
(1829, 523, 996),
(1830, 524, 815),
(1831, 525, 265),
(1832, 526, 1241),
(1833, 527, 336),
(1834, 528, 1278),
(1835, 529, 1047),
(1836, 530, 45),
(1837, 531, 694),
(1838, 532, 963),
(1839, 533, 1311),
(1840, 534, 363),
(1841, 535, 548),
(1842, 536, 411),
(1843, 537, 289),
(1844, 538, 921),
(1845, 539, 16),
(1846, 540, 430),
(1847, 541, 1260),
(1848, 542, 738),
(1849, 543, 146),
(1850, 544, 49),
(1851, 545, 643),
(1852, 546, 712),
(1853, 547, 1067),
(1854, 548, 611),
(1855, 549, 1150),
(1856, 550, 420),
(1857, 551, 1283),
(1858, 552, 1270),
(1859, 553, 749),
(1860, 554, 868),
(1861, 555, 254),
(1862, 556, 644),
(1863, 557, 1070),
(1864, 558, 98),
(1865, 559, 18),
(1866, 560, 907),
(1867, 561, 48),
(1868, 562, 710),
(1869, 563, 1070),
(1870, 564, 847),
(1871, 565, 1262),
(1872, 566, 1143),
(1873, 567, 578),
(1874, 568, 104),
(1875, 569, 1289),
(1876, 570, 1284),
(1877, 571, 167),
(1878, 572, 673),
(1879, 573, 1037),
(1880, 574, 989),
(1881, 575, 764),
(1882, 576, 1102),
(1883, 577, 987),
(1884, 578, 301),
(1885, 579, 992),
(1886, 580, 1205),
(1887, 581, 640),
(1888, 582, 574),
(1889, 583, 710),
(1890, 584, 788),
(1891, 585, 1141),
(1892, 586, 894),
(1893, 587, 547),
(1894, 588, 1047),
(1895, 589, 235),
(1896, 590, 1092),
(1897, 591, 1308),
(1898, 592, 1055),
(1899, 593, 1106),
(1900, 594, 1178),
(1901, 595, 218),
(1902, 596, 665),
(1903, 597, 1127),
(1904, 598, 751),
(1905, 599, 110),
(1906, 600, 1308),
(1907, 601, 65),
(1908, 602, 820),
(1909, 603, 1321),
(1910, 604, 1346),
(1911, 605, 1093),
(1912, 606, 716),
(1913, 607, 655),
(1914, 608, 173),
(1915, 609, 124),
(1916, 610, 326),
(1917, 611, 48),
(1918, 612, 1131),
(1919, 613, 296),
(1920, 614, 134),
(1921, 615, 285),
(1922, 616, 1004),
(1923, 617, 672),
(1924, 618, 236),
(1925, 619, 917),
(1926, 620, 1337),
(1927, 621, 952),
(1928, 622, 160),
(1929, 623, 484),
(1930, 624, 853),
(1931, 625, 350),
(1932, 626, 761),
(1933, 627, 660),
(1934, 628, 1208),
(1935, 629, 897),
(1936, 630, 776),
(1937, 631, 337),
(1938, 632, 247),
(1939, 633, 330),
(1940, 634, 602),
(1941, 635, 523),
(1942, 636, 91),
(1943, 637, 630),
(1944, 638, 410),
(1945, 639, 846),
(1946, 640, 414),
(1947, 641, 701),
(1948, 642, 659),
(1949, 643, 1222),
(1950, 644, 560),
(1951, 645, 792),
(1952, 646, 565),
(1953, 647, 238),
(1954, 648, 743),
(1955, 649, 384),
(1956, 650, 896),
(1957, 651, 1264),
(1958, 652, 1353),
(1959, 653, 1078),
(1960, 654, 936),
(1961, 655, 1149),
(1962, 656, 1291),
(1963, 657, 506),
(1964, 658, 653),
(1965, 659, 777),
(1966, 660, 425),
(1967, 661, 461),
(1968, 662, 1165),
(1969, 663, 366),
(1970, 664, 576),
(1971, 665, 822),
(1972, 666, 1115),
(1973, 667, 369),
(1974, 668, 147),
(1975, 669, 385),
(1976, 670, 315),
(1977, 671, 207),
(1978, 672, 1104),
(1979, 673, 627),
(1980, 674, 1245),
(1981, 675, 250),
(1982, 676, 1241),
(1983, 677, 399),
(1984, 678, 1044),
(1985, 679, 1298),
(1986, 680, 792),
(1987, 681, 714),
(1988, 682, 790),
(1989, 683, 634),
(1990, 684, 474),
(1991, 685, 1114),
(1992, 686, 1334),
(1993, 687, 871),
(1994, 688, 975),
(1995, 689, 1318),
(1996, 690, 1166),
(1997, 691, 31),
(1998, 692, 335),
(1999, 693, 232),
(2000, 694, 447),
(2001, 695, 971),
(2002, 696, 903),
(2003, 697, 31),
(2004, 698, 1357),
(2005, 699, 1153),
(2006, 700, 361),
(2007, 701, 245),
(2008, 702, 632),
(2009, 703, 952),
(2010, 704, 774),
(2011, 705, 389),
(2012, 706, 444),
(2013, 707, 1234),
(2014, 708, 947),
(2015, 709, 531),
(2016, 710, 144),
(2017, 711, 525),
(2018, 712, 613),
(2019, 713, 765),
(2020, 714, 1334),
(2021, 715, 94),
(2022, 716, 1095),
(2023, 717, 704),
(2024, 718, 359),
(2025, 719, 1169),
(2026, 720, 311),
(2027, 721, 243),
(2028, 722, 1213),
(2029, 723, 1056),
(2030, 724, 971),
(2031, 725, 491),
(2032, 726, 1259),
(2033, 727, 1276),
(2034, 728, 643),
(2035, 729, 361),
(2036, 730, 255),
(2037, 731, 719),
(2038, 732, 1063),
(2039, 733, 745),
(2040, 734, 853),
(2041, 735, 894),
(2042, 736, 1103),
(2043, 737, 1322),
(2044, 738, 1085),
(2045, 739, 568),
(2046, 740, 1189),
(2047, 741, 550),
(2048, 742, 258),
(2049, 743, 835),
(2050, 744, 1206),
(2051, 745, 128),
(2052, 746, 949),
(2053, 747, 719),
(2054, 748, 651),
(2055, 749, 1121),
(2056, 750, 383),
(2057, 751, 368),
(2058, 752, 650),
(2059, 753, 497),
(2060, 754, 1200),
(2061, 755, 573),
(2062, 756, 1043),
(2063, 757, 1092),
(2064, 758, 1343),
(2065, 759, 171),
(2066, 760, 1154),
(2067, 761, 648),
(2068, 762, 1170),
(2069, 763, 1321),
(2070, 764, 326),
(2071, 765, 1331),
(2072, 766, 121),
(2073, 767, 323),
(2074, 768, 660),
(2075, 769, 108),
(2076, 770, 232),
(2077, 771, 532),
(2078, 772, 720),
(2079, 773, 344),
(2080, 774, 179),
(2081, 775, 491),
(2082, 776, 71),
(2083, 777, 1240),
(2084, 778, 526),
(2085, 779, 793),
(2086, 780, 951),
(2087, 781, 943),
(2088, 782, 1051),
(2089, 783, 937),
(2090, 784, 443),
(2091, 785, 1017),
(2092, 786, 927),
(2093, 787, 944),
(2094, 788, 1030),
(2095, 789, 1292),
(2096, 790, 951),
(2097, 791, 1038),
(2098, 792, 1353),
(2099, 793, 150),
(2100, 794, 696),
(2101, 795, 106),
(2102, 796, 387),
(2103, 797, 564),
(2104, 798, 592),
(2105, 799, 709),
(2106, 800, 94),
(2107, 801, 875),
(2108, 802, 90),
(2109, 803, 355),
(2110, 804, 1134),
(2111, 805, 1266),
(2112, 806, 1137),
(2113, 807, 203),
(2114, 808, 1039),
(2115, 809, 120),
(2116, 810, 1331),
(2117, 811, 1106),
(2118, 812, 438),
(2119, 813, 1305),
(2120, 814, 245),
(2121, 815, 1285),
(2122, 816, 67),
(2123, 817, 198),
(2124, 818, 545),
(2125, 819, 192),
(2126, 820, 1199),
(2127, 821, 997),
(2128, 822, 711),
(2129, 823, 774),
(2130, 824, 212),
(2131, 825, 1063),
(2132, 826, 501),
(2133, 827, 311),
(2134, 828, 157),
(2135, 829, 1231),
(2136, 830, 1069),
(2137, 831, 729),
(2138, 832, 581),
(2139, 833, 1280),
(2140, 834, 411),
(2141, 835, 203),
(2142, 836, 1144),
(2143, 837, 210),
(2144, 838, 1113),
(2145, 839, 938),
(2146, 840, 690),
(2147, 841, 998),
(2148, 842, 1258),
(2149, 843, 37),
(2150, 844, 1209),
(2151, 845, 1233),
(2152, 846, 157),
(2153, 847, 685),
(2154, 848, 183),
(2155, 849, 1229),
(2156, 850, 688),
(2157, 851, 1087),
(2158, 852, 384),
(2159, 853, 1258),
(2160, 854, 705),
(2161, 855, 294),
(2162, 856, 1033),
(2163, 857, 304),
(2164, 858, 228),
(2165, 859, 887),
(2166, 860, 1300),
(2167, 861, 16),
(2168, 862, 98),
(2169, 863, 353),
(2170, 864, 820),
(2171, 865, 685),
(2172, 866, 565),
(2173, 867, 373),
(2174, 868, 939),
(2175, 869, 519),
(2176, 870, 256),
(2177, 871, 1000),
(2178, 872, 1158),
(2179, 873, 244),
(2180, 874, 11),
(2181, 875, 1288),
(2182, 876, 436),
(2183, 877, 857),
(2184, 878, 1356),
(2185, 879, 406),
(2186, 880, 617),
(2187, 881, 92),
(2188, 882, 872),
(2189, 883, 996),
(2190, 884, 299),
(2191, 885, 831),
(2192, 886, 449),
(2193, 887, 566),
(2194, 888, 268),
(2195, 889, 154),
(2196, 890, 844),
(2197, 891, 440),
(2198, 892, 260),
(2199, 893, 930),
(2200, 894, 321),
(2201, 895, 464),
(2202, 896, 1232),
(2203, 897, 968),
(2204, 898, 164),
(2205, 899, 720),
(2206, 900, 933),
(2207, 901, 255),
(2208, 902, 910),
(2209, 903, 157),
(2210, 904, 1023),
(2211, 905, 961),
(2212, 906, 603),
(2213, 907, 725),
(2214, 908, 821),
(2215, 909, 97),
(2216, 910, 1215),
(2217, 911, 567),
(2218, 912, 702),
(2219, 913, 1199),
(2220, 914, 433),
(2221, 915, 168),
(2222, 916, 1082),
(2223, 917, 1172),
(2224, 918, 884),
(2225, 919, 1057),
(2226, 920, 224),
(2227, 921, 1057),
(2228, 922, 1238),
(2229, 923, 159),
(2230, 924, 118),
(2231, 925, 547),
(2232, 926, 1245),
(2233, 927, 847),
(2234, 928, 154),
(2235, 929, 978),
(2236, 930, 785),
(2237, 931, 662),
(2238, 932, 353),
(2239, 933, 101),
(2240, 934, 779),
(2241, 935, 96),
(2242, 936, 794),
(2243, 937, 1292),
(2244, 938, 746),
(2245, 939, 1163),
(2246, 940, 924),
(2247, 941, 1074),
(2248, 942, 782),
(2249, 943, 386),
(2250, 944, 747),
(2251, 945, 494),
(2252, 946, 744),
(2253, 947, 188),
(2254, 948, 4),
(2255, 949, 1115),
(2256, 950, 169),
(2257, 951, 119),
(2258, 952, 1119),
(2259, 953, 286),
(2260, 954, 409),
(2261, 955, 46),
(2262, 956, 962),
(2263, 957, 213),
(2264, 958, 657),
(2265, 959, 1227),
(2266, 960, 196),
(2267, 961, 290),
(2268, 962, 870),
(2269, 963, 640),
(2270, 964, 679),
(2271, 965, 507),
(2272, 966, 260),
(2273, 967, 176),
(2274, 968, 281),
(2275, 969, 7),
(2276, 970, 27),
(2277, 971, 181),
(2278, 972, 158),
(2279, 973, 1301),
(2280, 974, 180),
(2281, 975, 1292),
(2282, 976, 733),
(2283, 977, 45),
(2284, 978, 425),
(2285, 979, 176),
(2286, 980, 350),
(2287, 981, 769),
(2288, 982, 226),
(2289, 983, 1235),
(2290, 984, 978),
(2291, 985, 284),
(2292, 986, 719),
(2293, 987, 1160),
(2294, 988, 363),
(2295, 989, 287),
(2296, 990, 445),
(2297, 991, 107),
(2298, 992, 366),
(2299, 993, 19),
(2300, 994, 1236),
(2301, 995, 1047),
(2302, 996, 975),
(2303, 997, 77),
(2304, 998, 533),
(2305, 999, 44),
(2306, 1000, 779),
(2307, 1001, 916),
(2308, 1002, 1135),
(2309, 1003, 10),
(2310, 1004, 443),
(2311, 1005, 586),
(2312, 1006, 300),
(2313, 1007, 251),
(2314, 1008, 354),
(2315, 1009, 66),
(2316, 1010, 1356),
(2317, 1011, 171),
(2318, 1012, 560),
(2319, 1013, 906),
(2320, 1014, 1112),
(2321, 1015, 439),
(2322, 1016, 130),
(2323, 1017, 868),
(2324, 1018, 1280),
(2325, 1019, 421),
(2326, 1020, 741),
(2327, 1021, 1267),
(2328, 1022, 494),
(2329, 1023, 1251),
(2330, 1024, 1213),
(2331, 1025, 1224),
(2332, 1026, 564),
(2333, 1027, 728),
(2334, 1028, 1164),
(2335, 1029, 55),
(2336, 1030, 984),
(2337, 1031, 1312),
(2338, 1032, 1261),
(2339, 1033, 177),
(2340, 1034, 1115),
(2341, 1035, 921),
(2342, 1036, 1338),
(2343, 1037, 128),
(2344, 1038, 1057),
(2345, 1039, 1274),
(2346, 1040, 403),
(2347, 1041, 120),
(2348, 1042, 1329),
(2349, 1043, 701),
(2350, 1044, 909),
(2351, 1045, 328),
(2352, 1046, 1259),
(2353, 1047, 1274),
(2354, 1048, 982),
(2355, 1049, 741),
(2356, 1050, 672),
(2357, 1051, 195),
(2358, 1052, 662),
(2359, 1053, 445),
(2360, 1054, 492),
(2361, 1055, 1356),
(2362, 1056, 1332),
(2363, 1057, 35),
(2364, 1058, 843),
(2365, 1059, 1229),
(2366, 1060, 1235),
(2367, 1061, 704),
(2368, 1062, 1335),
(2369, 1063, 870),
(2370, 1064, 1355),
(2371, 1065, 836),
(2372, 1066, 183),
(2373, 1067, 638),
(2374, 1068, 839),
(2375, 1069, 639),
(2376, 1070, 1138),
(2377, 1071, 169),
(2378, 1072, 889),
(2379, 1073, 43),
(2380, 1074, 1270),
(2381, 1075, 1217),
(2382, 1076, 631),
(2383, 1077, 711),
(2384, 1078, 692),
(2385, 1079, 1253),
(2386, 1080, 1241),
(2387, 1081, 1300),
(2388, 1082, 137),
(2389, 1083, 470),
(2390, 1084, 832),
(2391, 1085, 156),
(2392, 1086, 188),
(2393, 1087, 32),
(2394, 1088, 128),
(2395, 1089, 904),
(2396, 1090, 895),
(2397, 1091, 1007),
(2398, 1092, 1159),
(2399, 1093, 1329),
(2400, 1094, 94),
(2401, 1095, 38),
(2402, 1096, 1238),
(2403, 1097, 1052),
(2404, 1098, 1044),
(2405, 1099, 843),
(2406, 1100, 479),
(2407, 1101, 1110),
(2408, 1102, 737),
(2409, 1103, 620),
(2410, 1104, 503),
(2411, 1105, 125),
(2412, 1106, 489),
(2413, 1107, 124),
(2414, 1108, 962),
(2415, 1109, 203),
(2416, 1110, 83),
(2417, 1111, 1331),
(2418, 1112, 786),
(2419, 1113, 1227),
(2420, 1114, 354),
(2421, 1115, 406),
(2422, 1116, 539),
(2423, 1117, 1117),
(2424, 1118, 386),
(2425, 1119, 186),
(2426, 1120, 672),
(2427, 1121, 401),
(2428, 1122, 54),
(2429, 1123, 1317),
(2430, 1124, 170),
(2431, 1125, 349),
(2432, 1126, 948),
(2433, 1127, 718),
(2434, 1128, 95),
(2435, 1129, 362),
(2436, 1130, 579),
(2437, 1131, 1107),
(2438, 1132, 1046),
(2439, 1133, 502),
(2440, 1134, 278),
(2441, 1135, 136),
(2442, 1136, 472),
(2443, 1137, 262),
(2444, 1138, 801),
(2445, 1139, 53),
(2446, 1140, 834),
(2447, 1141, 750),
(2448, 1142, 852),
(2449, 1143, 254),
(2450, 1144, 22),
(2451, 1145, 1351),
(2452, 1146, 141),
(2453, 1147, 524),
(2454, 1148, 609),
(2455, 1149, 910),
(2456, 1150, 1242),
(2457, 1151, 1133),
(2458, 1152, 452),
(2459, 1153, 1182),
(2460, 1154, 1049),
(2461, 1155, 837),
(2462, 1156, 640),
(2463, 1157, 94),
(2464, 1158, 190),
(2465, 1159, 1028),
(2466, 1160, 868),
(2467, 1161, 494),
(2468, 1162, 38),
(2469, 1163, 897),
(2470, 1164, 1096),
(2471, 1165, 853),
(2472, 1166, 245),
(2473, 1167, 122),
(2474, 1168, 1090),
(2475, 1169, 1117),
(2476, 1170, 691),
(2477, 1171, 176),
(2478, 1172, 178),
(2479, 1173, 365),
(2480, 1174, 1047),
(2481, 1175, 831),
(2482, 1176, 568),
(2483, 1177, 1153),
(2484, 1178, 1045),
(2485, 1179, 988),
(2486, 1180, 190),
(2487, 1181, 1092),
(2488, 1182, 157),
(2489, 1183, 1297),
(2490, 1184, 723),
(2491, 1185, 1207),
(2492, 1186, 796),
(2493, 1187, 791),
(2494, 1188, 920),
(2495, 1189, 972),
(2496, 1190, 644),
(2497, 1191, 661),
(2498, 1192, 763),
(2499, 1193, 946),
(2500, 1194, 1311),
(2501, 1195, 951),
(2502, 1196, 686),
(2503, 1197, 846),
(2504, 1198, 362),
(2505, 1199, 429),
(2506, 1200, 1312),
(2507, 1201, 600),
(2508, 1202, 259),
(2509, 1203, 392),
(2510, 1204, 1112),
(2511, 1205, 614),
(2512, 1206, 441),
(2513, 1207, 653),
(2514, 1208, 738),
(2515, 1209, 277),
(2516, 1210, 743),
(2517, 1211, 483),
(2518, 1212, 260),
(2519, 1213, 600),
(2520, 1214, 989),
(2521, 1215, 732),
(2522, 1216, 44),
(2523, 1217, 164),
(2524, 1218, 103),
(2525, 1219, 348),
(2526, 1220, 261),
(2527, 1221, 1330),
(2528, 1222, 760),
(2529, 1223, 55),
(2530, 1224, 880),
(2531, 1225, 574),
(2532, 1226, 984),
(2533, 1227, 448),
(2534, 1228, 159),
(2535, 1229, 245),
(2536, 1230, 983),
(2537, 1231, 1124),
(2538, 1232, 1108),
(2539, 1233, 261),
(2540, 1234, 821),
(2541, 1235, 577),
(2542, 1236, 497),
(2543, 1237, 1000),
(2544, 1238, 891),
(2545, 1239, 4),
(2546, 1240, 1288),
(2547, 1241, 619),
(2548, 1242, 837),
(2549, 1243, 1145),
(2550, 1244, 652),
(2551, 1245, 198),
(2552, 1246, 810),
(2553, 1247, 339),
(2554, 1248, 608),
(2555, 1249, 587),
(2556, 1250, 1114),
(2557, 1251, 393),
(2558, 1252, 1342),
(2559, 1253, 153),
(2560, 1254, 718),
(2561, 1255, 351),
(2562, 1256, 1350),
(2563, 1257, 248),
(2564, 1258, 1189),
(2565, 1259, 499),
(2566, 1260, 387),
(2567, 1261, 908),
(2568, 1262, 225),
(2569, 1263, 1334),
(2570, 1264, 267),
(2571, 1265, 1268),
(2572, 1266, 1156),
(2573, 1267, 266),
(2574, 1268, 291),
(2575, 1269, 658),
(2576, 1270, 1138),
(2577, 1271, 513),
(2578, 1272, 723),
(2579, 1273, 658),
(2580, 1274, 1112),
(2581, 1275, 104),
(2582, 1276, 113),
(2583, 1277, 611),
(2584, 1278, 562),
(2585, 1279, 57),
(2586, 1280, 678),
(2587, 1281, 757),
(2588, 1282, 971),
(2589, 1283, 315),
(2590, 1284, 244),
(2591, 1285, 745),
(2592, 1286, 1072),
(2593, 1287, 384),
(2594, 1288, 1046),
(2595, 1289, 886),
(2596, 1290, 36),
(2597, 1291, 189),
(2598, 1292, 1124),
(2599, 1293, 350),
(2600, 1294, 866),
(2601, 1295, 1326),
(2602, 1296, 734),
(2603, 1297, 48),
(2604, 1298, 1023),
(2605, 1299, 1136),
(2606, 1300, 683),
(2607, 1301, 1058),
(2608, 1302, 734),
(2609, 1303, 1351),
(2610, 1304, 1070),
(2611, 1305, 499),
(2612, 1306, 756),
(2613, 1307, 1043),
(2614, 1308, 819),
(2615, 1309, 414),
(2616, 1310, 20),
(2617, 1311, 1202),
(2618, 1312, 986),
(2619, 1313, 675),
(2620, 1314, 341),
(2621, 1315, 104),
(2622, 1316, 15),
(2623, 1317, 384),
(2624, 1318, 575),
(2625, 1319, 24),
(2626, 1320, 1192),
(2627, 1321, 641),
(2628, 1322, 321),
(2629, 1323, 1064),
(2630, 1324, 1070),
(2631, 1325, 1031),
(2632, 1326, 773),
(2633, 1327, 977),
(2634, 1328, 1207),
(2635, 1329, 1178),
(2636, 1330, 116),
(2637, 1331, 965),
(2638, 1332, 459),
(2639, 1333, 942),
(2640, 1334, 1177),
(2641, 1335, 849),
(2642, 1336, 571),
(2643, 1337, 753),
(2644, 1338, 312),
(2645, 1339, 986),
(2646, 1340, 483),
(2647, 1341, 1166),
(2648, 1342, 1313),
(2649, 1343, 657),
(2650, 1344, 595),
(2651, 1345, 254),
(2652, 1346, 510),
(2653, 1347, 240),
(2654, 1348, 1305),
(2655, 1349, 1316),
(2656, 1350, 115),
(2657, 1351, 859),
(2658, 1352, 182),
(2659, 1353, 561),
(2660, 29, 129),
(2661, 30, 545),
(2662, 31, 249),
(2663, 32, 622),
(2664, 33, 398),
(2665, 34, 1331),
(2666, 35, 19),
(2667, 36, 1143),
(2668, 37, 155),
(2669, 38, 611),
(2670, 39, 1076),
(2671, 40, 1092),
(2672, 41, 1204),
(2673, 42, 1024),
(2674, 43, 322),
(2675, 44, 833),
(2676, 45, 1099),
(2677, 46, 786),
(2678, 47, 35),
(2679, 48, 872),
(2680, 49, 1227),
(2681, 50, 785),
(2682, 51, 666),
(2683, 52, 343),
(2684, 53, 1175),
(2685, 54, 1287),
(2686, 55, 869),
(2687, 56, 358),
(2688, 57, 956),
(2689, 58, 1030),
(2690, 59, 949),
(2691, 60, 1313),
(2692, 61, 1271),
(2693, 62, 1206),
(2694, 63, 790),
(2695, 64, 1294),
(2696, 65, 435),
(2697, 66, 1216),
(2698, 67, 1293),
(2699, 68, 192),
(2700, 69, 357),
(2701, 70, 666),
(2702, 71, 183),
(2703, 72, 389),
(2704, 73, 357),
(2705, 74, 1053),
(2706, 75, 396),
(2707, 76, 714),
(2708, 77, 806),
(2709, 78, 1106),
(2710, 79, 515),
(2711, 80, 1193),
(2712, 81, 1156),
(2713, 82, 826),
(2714, 83, 227),
(2715, 84, 210),
(2716, 85, 344),
(2717, 86, 1072),
(2718, 87, 981),
(2719, 88, 1115),
(2720, 89, 147),
(2721, 90, 75),
(2722, 91, 237),
(2723, 92, 615),
(2724, 93, 672),
(2725, 94, 1318),
(2726, 95, 766),
(2727, 96, 49),
(2728, 97, 722),
(2729, 98, 1314),
(2730, 99, 1125),
(2731, 100, 284),
(2732, 101, 1288),
(2733, 102, 857),
(2734, 103, 635),
(2735, 104, 314),
(2736, 105, 409),
(2737, 106, 682),
(2738, 107, 178),
(2739, 108, 515),
(2740, 109, 528),
(2741, 110, 280),
(2742, 111, 1070),
(2743, 112, 1142),
(2744, 113, 1352),
(2745, 114, 430),
(2746, 115, 644),
(2747, 116, 163),
(2748, 117, 789),
(2749, 118, 413),
(2750, 119, 142),
(2751, 120, 229),
(2752, 121, 1297),
(2753, 122, 121),
(2754, 123, 1119),
(2755, 124, 813),
(2756, 125, 502),
(2757, 126, 464),
(2758, 127, 1032),
(2759, 128, 1071),
(2760, 129, 1271),
(2761, 130, 996),
(2762, 131, 319),
(2763, 132, 481),
(2764, 133, 783),
(2765, 134, 40),
(2766, 135, 1121),
(2767, 136, 720),
(2768, 137, 89),
(2769, 138, 687),
(2770, 139, 351),
(2771, 140, 257),
(2772, 141, 76),
(2773, 142, 1285),
(2774, 143, 763),
(2775, 144, 1006),
(2776, 145, 1318),
(2777, 146, 953),
(2778, 147, 262),
(2779, 148, 45),
(2780, 149, 225),
(2781, 150, 524),
(2782, 151, 131),
(2783, 152, 1123),
(2784, 153, 1283),
(2785, 154, 1350),
(2786, 155, 923),
(2787, 156, 369),
(2788, 157, 15),
(2789, 158, 1330),
(2790, 159, 1355),
(2791, 160, 418),
(2792, 161, 753),
(2793, 162, 164),
(2794, 163, 768),
(2795, 164, 579),
(2796, 165, 850),
(2797, 166, 419),
(2798, 167, 828),
(2799, 168, 346),
(2800, 169, 677),
(2801, 170, 1093),
(2802, 171, 610),
(2803, 172, 467),
(2804, 173, 1137),
(2805, 174, 268),
(2806, 175, 1244),
(2807, 176, 999),
(2808, 177, 314),
(2809, 178, 258),
(2810, 179, 910),
(2811, 180, 881),
(2812, 181, 463),
(2813, 182, 392),
(2814, 183, 122),
(2815, 184, 720),
(2816, 185, 230),
(2817, 186, 1314),
(2818, 187, 990),
(2819, 188, 638),
(2820, 189, 367),
(2821, 190, 416),
(2822, 191, 1093),
(2823, 192, 487),
(2824, 193, 70),
(2825, 194, 595),
(2826, 195, 1001),
(2827, 196, 989),
(2828, 197, 738),
(2829, 198, 379),
(2830, 199, 61),
(2831, 200, 983),
(2832, 201, 539),
(2833, 202, 770),
(2834, 203, 894),
(2835, 204, 457),
(2836, 205, 389),
(2837, 206, 1047),
(2838, 207, 372),
(2839, 208, 1351),
(2840, 209, 1048),
(2841, 210, 1316),
(2842, 211, 1064),
(2843, 212, 596),
(2844, 213, 1349),
(2845, 214, 543),
(2846, 215, 76),
(2847, 216, 1246),
(2848, 217, 240),
(2849, 218, 1293),
(2850, 219, 805),
(2851, 220, 1069),
(2852, 221, 1238),
(2853, 222, 769),
(2854, 223, 292),
(2855, 224, 960),
(2856, 225, 341),
(2857, 226, 656),
(2858, 227, 358),
(2859, 228, 663),
(2860, 229, 397),
(2861, 230, 743),
(2862, 231, 911),
(2863, 232, 616),
(2864, 233, 264),
(2865, 234, 656),
(2866, 235, 15),
(2867, 236, 663),
(2868, 237, 796),
(2869, 238, 1284),
(2870, 239, 312),
(2871, 240, 286),
(2872, 241, 909),
(2873, 242, 715),
(2874, 243, 253),
(2875, 244, 946),
(2876, 245, 102),
(2877, 246, 1173),
(2878, 247, 895),
(2879, 248, 1114),
(2880, 249, 999),
(2881, 250, 554),
(2882, 251, 805),
(2883, 252, 88),
(2884, 253, 515),
(2885, 254, 384),
(2886, 255, 981),
(2887, 256, 1248),
(2888, 257, 685),
(2889, 258, 1287),
(2890, 259, 419),
(2891, 260, 1125),
(2892, 261, 721),
(2893, 262, 630),
(2894, 263, 570),
(2895, 264, 955),
(2896, 265, 307),
(2897, 266, 954),
(2898, 267, 426),
(2899, 268, 67),
(2900, 269, 1011),
(2901, 270, 1272),
(2902, 271, 623),
(2903, 272, 1296),
(2904, 273, 488),
(2905, 274, 8),
(2906, 275, 37),
(2907, 276, 945),
(2908, 277, 878),
(2909, 278, 225),
(2910, 279, 1291),
(2911, 280, 1161),
(2912, 281, 852),
(2913, 282, 466),
(2914, 283, 183),
(2915, 284, 609),
(2916, 285, 283),
(2917, 286, 592),
(2918, 287, 1021),
(2919, 288, 556),
(2920, 289, 180),
(2921, 290, 107),
(2922, 291, 82),
(2923, 292, 254),
(2924, 293, 420),
(2925, 294, 1355),
(2926, 295, 466),
(2927, 296, 1193),
(2928, 297, 731),
(2929, 298, 820),
(2930, 299, 557),
(2931, 300, 653),
(2932, 301, 512),
(2933, 302, 767),
(2934, 303, 965),
(2935, 304, 1317),
(2936, 305, 738),
(2937, 306, 810),
(2938, 307, 1336),
(2939, 308, 1141),
(2940, 309, 562),
(2941, 310, 714),
(2942, 311, 762),
(2943, 312, 728),
(2944, 313, 207),
(2945, 314, 1122),
(2946, 315, 561),
(2947, 316, 1349),
(2948, 317, 379),
(2949, 318, 1001),
(2950, 319, 1001),
(2951, 320, 976),
(2952, 321, 408),
(2953, 322, 710),
(2954, 323, 1027),
(2955, 324, 168),
(2956, 325, 2),
(2957, 326, 404),
(2958, 327, 1246),
(2959, 328, 916),
(2960, 329, 672),
(2961, 330, 209),
(2962, 331, 1310),
(2963, 332, 218),
(2964, 333, 916),
(2965, 334, 226),
(2966, 335, 1349),
(2967, 336, 307),
(2968, 337, 786),
(2969, 338, 1136),
(2970, 339, 820),
(2971, 340, 360),
(2972, 341, 809),
(2973, 342, 973),
(2974, 343, 1087),
(2975, 344, 1154),
(2976, 345, 842),
(2977, 346, 1204),
(2978, 347, 1350),
(2979, 348, 384),
(2980, 349, 140),
(2981, 350, 502),
(2982, 351, 42),
(2983, 352, 148),
(2984, 353, 1033),
(2985, 354, 562),
(2986, 355, 818),
(2987, 356, 227),
(2988, 357, 1026),
(2989, 358, 1028),
(2990, 359, 70),
(2991, 360, 635),
(2992, 361, 799),
(2993, 362, 250),
(2994, 363, 1196),
(2995, 364, 909),
(2996, 365, 1090),
(2997, 366, 647),
(2998, 367, 642),
(2999, 368, 1152),
(3000, 369, 262),
(3001, 370, 57),
(3002, 371, 1123),
(3003, 372, 8),
(3004, 373, 549),
(3005, 374, 1276),
(3006, 375, 1),
(3007, 376, 577),
(3008, 377, 1322),
(3009, 378, 259),
(3010, 379, 172),
(3011, 380, 1341),
(3012, 381, 1075),
(3013, 382, 113),
(3014, 383, 571),
(3015, 384, 344),
(3016, 385, 547),
(3017, 386, 1309),
(3018, 387, 931),
(3019, 388, 937),
(3020, 389, 884),
(3021, 390, 976),
(3022, 391, 1180),
(3023, 392, 935),
(3024, 393, 837),
(3025, 394, 1109),
(3026, 395, 408),
(3027, 396, 61),
(3028, 397, 1140),
(3029, 398, 586),
(3030, 399, 935),
(3031, 400, 1020),
(3032, 401, 706),
(3033, 402, 665),
(3034, 403, 14),
(3035, 404, 469),
(3036, 405, 663),
(3037, 406, 590),
(3038, 407, 255),
(3039, 408, 932),
(3040, 409, 232),
(3041, 410, 1198),
(3042, 411, 711),
(3043, 412, 1248),
(3044, 413, 1119),
(3045, 414, 1253),
(3046, 415, 232),
(3047, 416, 1074),
(3048, 417, 868),
(3049, 418, 1301),
(3050, 419, 898),
(3051, 420, 1035),
(3052, 421, 160),
(3053, 422, 864),
(3054, 423, 250),
(3055, 424, 93),
(3056, 425, 1019),
(3057, 426, 1099),
(3058, 427, 803),
(3059, 428, 819),
(3060, 429, 1106),
(3061, 430, 1029),
(3062, 431, 93),
(3063, 432, 1276),
(3064, 433, 650),
(3065, 434, 89),
(3066, 435, 825),
(3067, 436, 788),
(3068, 437, 849),
(3069, 438, 453),
(3070, 439, 712),
(3071, 440, 1243),
(3072, 441, 1350),
(3073, 442, 1231),
(3074, 443, 818),
(3075, 444, 1167),
(3076, 445, 399),
(3077, 446, 929),
(3078, 447, 903),
(3079, 448, 448),
(3080, 449, 313),
(3081, 450, 396),
(3082, 451, 1027),
(3083, 452, 525),
(3084, 453, 271),
(3085, 454, 394),
(3086, 455, 867),
(3087, 456, 694),
(3088, 457, 1128),
(3089, 458, 470),
(3090, 459, 596),
(3091, 460, 404),
(3092, 461, 352),
(3093, 462, 235),
(3094, 463, 959),
(3095, 464, 1060),
(3096, 465, 1314),
(3097, 466, 217),
(3098, 467, 707),
(3099, 468, 1024),
(3100, 469, 203),
(3101, 470, 1269),
(3102, 471, 59),
(3103, 472, 1252),
(3104, 473, 332),
(3105, 474, 173),
(3106, 475, 1268),
(3107, 476, 1345),
(3108, 477, 1244),
(3109, 478, 636),
(3110, 479, 681),
(3111, 480, 229),
(3112, 481, 779),
(3113, 482, 1189),
(3114, 483, 141),
(3115, 484, 429),
(3116, 485, 1341),
(3117, 486, 1283),
(3118, 487, 1027),
(3119, 488, 1066),
(3120, 489, 413),
(3121, 490, 534),
(3122, 491, 1308),
(3123, 492, 214),
(3124, 493, 1350),
(3125, 494, 1122),
(3126, 495, 870),
(3127, 496, 54),
(3128, 497, 738),
(3129, 498, 483),
(3130, 499, 712),
(3131, 500, 548),
(3132, 501, 182),
(3133, 502, 773),
(3134, 503, 607),
(3135, 504, 1074),
(3136, 505, 559),
(3137, 506, 132),
(3138, 507, 1089),
(3139, 508, 282),
(3140, 509, 13),
(3141, 510, 508),
(3142, 511, 275),
(3143, 512, 1107),
(3144, 513, 477),
(3145, 514, 781),
(3146, 515, 1348),
(3147, 516, 100),
(3148, 517, 617),
(3149, 518, 575),
(3150, 519, 1349),
(3151, 520, 569),
(3152, 521, 991),
(3153, 522, 1134),
(3154, 523, 1318),
(3155, 524, 1244),
(3156, 525, 48),
(3157, 526, 275),
(3158, 527, 1125),
(3159, 528, 565),
(3160, 529, 1348),
(3161, 530, 360),
(3162, 531, 879),
(3163, 532, 224),
(3164, 533, 521),
(3165, 534, 161),
(3166, 535, 135),
(3167, 536, 490),
(3168, 537, 552),
(3169, 538, 788),
(3170, 539, 1068),
(3171, 540, 521),
(3172, 541, 319),
(3173, 542, 1152),
(3174, 543, 145),
(3175, 544, 1272),
(3176, 545, 1207),
(3177, 546, 579),
(3178, 547, 1049),
(3179, 548, 1326),
(3180, 549, 1277),
(3181, 550, 55),
(3182, 551, 1025),
(3183, 552, 832),
(3184, 553, 1348),
(3185, 554, 1299),
(3186, 555, 1196),
(3187, 556, 1068),
(3188, 557, 909),
(3189, 558, 201),
(3190, 559, 669),
(3191, 560, 106),
(3192, 561, 12),
(3193, 562, 252),
(3194, 563, 195),
(3195, 564, 880),
(3196, 565, 435),
(3197, 566, 646),
(3198, 567, 125),
(3199, 568, 590),
(3200, 569, 129),
(3201, 570, 922),
(3202, 571, 910),
(3203, 572, 43),
(3204, 573, 1073),
(3205, 574, 305),
(3206, 575, 466),
(3207, 576, 576),
(3208, 577, 654),
(3209, 578, 154),
(3210, 579, 759),
(3211, 580, 407),
(3212, 581, 965),
(3213, 582, 1221),
(3214, 583, 285),
(3215, 584, 1342),
(3216, 585, 808),
(3217, 586, 725),
(3218, 587, 204),
(3219, 588, 221),
(3220, 589, 137),
(3221, 590, 980),
(3222, 591, 257),
(3223, 592, 396),
(3224, 593, 150),
(3225, 594, 97),
(3226, 595, 833),
(3227, 596, 1121),
(3228, 597, 1129),
(3229, 598, 172),
(3230, 599, 24),
(3231, 600, 775),
(3232, 601, 1167),
(3233, 602, 408),
(3234, 603, 330),
(3235, 604, 1033),
(3236, 605, 731),
(3237, 606, 886),
(3238, 607, 512),
(3239, 608, 497),
(3240, 609, 1205),
(3241, 610, 421),
(3242, 611, 1109),
(3243, 612, 1229),
(3244, 613, 1289),
(3245, 614, 218),
(3246, 615, 293),
(3247, 616, 1072),
(3248, 617, 1176),
(3249, 618, 39),
(3250, 619, 879),
(3251, 620, 896),
(3252, 621, 352),
(3253, 622, 738),
(3254, 623, 779),
(3255, 624, 1104),
(3256, 625, 177),
(3257, 626, 753),
(3258, 627, 891),
(3259, 628, 556),
(3260, 629, 283),
(3261, 630, 142),
(3262, 631, 935),
(3263, 632, 1272),
(3264, 633, 509),
(3265, 634, 372),
(3266, 635, 289),
(3267, 636, 555),
(3268, 637, 196),
(3269, 638, 1062),
(3270, 639, 768),
(3271, 640, 718),
(3272, 641, 55),
(3273, 642, 877),
(3274, 643, 1068),
(3275, 644, 1257),
(3276, 645, 348),
(3277, 646, 1027),
(3278, 647, 527),
(3279, 648, 873),
(3280, 649, 219),
(3281, 650, 699),
(3282, 651, 713),
(3283, 652, 410),
(3284, 653, 1330),
(3285, 654, 1335),
(3286, 655, 929),
(3287, 656, 707),
(3288, 657, 353),
(3289, 658, 251),
(3290, 659, 71),
(3291, 660, 1169),
(3292, 661, 1170),
(3293, 662, 237),
(3294, 663, 509),
(3295, 664, 1148),
(3296, 665, 209),
(3297, 666, 724),
(3298, 667, 858),
(3299, 668, 155),
(3300, 669, 1176),
(3301, 670, 993),
(3302, 671, 45),
(3303, 672, 245),
(3304, 673, 486),
(3305, 674, 55),
(3306, 675, 699),
(3307, 676, 1185),
(3308, 677, 713),
(3309, 678, 929),
(3310, 679, 974),
(3311, 680, 755),
(3312, 681, 520),
(3313, 682, 797),
(3314, 683, 674),
(3315, 684, 1082),
(3316, 685, 925),
(3317, 686, 582),
(3318, 687, 345),
(3319, 688, 718),
(3320, 689, 972),
(3321, 690, 414),
(3322, 691, 633),
(3323, 692, 528),
(3324, 693, 726),
(3325, 694, 37),
(3326, 695, 838),
(3327, 696, 184),
(3328, 697, 1209),
(3329, 698, 737),
(3330, 699, 1064),
(3331, 700, 520),
(3332, 701, 184),
(3333, 702, 45),
(3334, 703, 499),
(3335, 704, 319),
(3336, 705, 1203),
(3337, 706, 167),
(3338, 707, 948),
(3339, 708, 1224),
(3340, 709, 1242),
(3341, 710, 771),
(3342, 711, 1290),
(3343, 712, 1204),
(3344, 713, 1223),
(3345, 714, 82),
(3346, 715, 727),
(3347, 716, 387),
(3348, 717, 161),
(3349, 718, 1154),
(3350, 719, 811),
(3351, 720, 338),
(3352, 721, 200),
(3353, 722, 491),
(3354, 723, 687),
(3355, 724, 48),
(3356, 725, 159),
(3357, 726, 859),
(3358, 727, 1245),
(3359, 728, 609),
(3360, 729, 99),
(3361, 730, 1060),
(3362, 731, 1218),
(3363, 732, 1234),
(3364, 733, 229),
(3365, 734, 72),
(3366, 735, 518),
(3367, 736, 1121),
(3368, 737, 611),
(3369, 738, 25),
(3370, 739, 752),
(3371, 740, 365),
(3372, 741, 152),
(3373, 742, 220),
(3374, 743, 1276),
(3375, 744, 258),
(3376, 745, 942),
(3377, 746, 5),
(3378, 747, 762),
(3379, 748, 1205),
(3380, 749, 1212),
(3381, 750, 899),
(3382, 751, 1044),
(3383, 752, 362),
(3384, 753, 555),
(3385, 754, 1072),
(3386, 755, 625),
(3387, 756, 219),
(3388, 757, 857),
(3389, 758, 285),
(3390, 759, 699),
(3391, 760, 249),
(3392, 761, 928),
(3393, 762, 954),
(3394, 763, 1034),
(3395, 764, 584),
(3396, 765, 534),
(3397, 766, 1069),
(3398, 767, 92),
(3399, 768, 1209),
(3400, 769, 624),
(3401, 770, 322),
(3402, 771, 603),
(3403, 772, 463),
(3404, 773, 244),
(3405, 774, 684),
(3406, 775, 547),
(3407, 776, 332),
(3408, 777, 960),
(3409, 778, 1),
(3410, 779, 762),
(3411, 780, 1169),
(3412, 781, 1029),
(3413, 782, 34),
(3414, 783, 672),
(3415, 784, 995),
(3416, 785, 86),
(3417, 786, 575),
(3418, 787, 1251),
(3419, 788, 703),
(3420, 789, 698),
(3421, 790, 52),
(3422, 791, 611),
(3423, 792, 1174),
(3424, 793, 240),
(3425, 794, 77),
(3426, 795, 1260),
(3427, 796, 900),
(3428, 797, 28),
(3429, 798, 217),
(3430, 799, 305),
(3431, 800, 1009),
(3432, 801, 1052),
(3433, 802, 953),
(3434, 803, 727),
(3435, 804, 95),
(3436, 805, 1074),
(3437, 806, 453),
(3438, 807, 1094),
(3439, 808, 377),
(3440, 809, 860),
(3441, 810, 1213),
(3442, 811, 251),
(3443, 812, 493),
(3444, 813, 590),
(3445, 814, 481),
(3446, 815, 1037),
(3447, 816, 1136),
(3448, 817, 81),
(3449, 818, 1230),
(3450, 819, 362),
(3451, 820, 1178),
(3452, 821, 613),
(3453, 822, 1061),
(3454, 823, 596),
(3455, 824, 281),
(3456, 825, 428),
(3457, 826, 78),
(3458, 827, 1010),
(3459, 828, 1215),
(3460, 829, 446),
(3461, 830, 423),
(3462, 831, 469),
(3463, 832, 618),
(3464, 833, 790),
(3465, 834, 1115),
(3466, 835, 553),
(3467, 836, 479),
(3468, 837, 368),
(3469, 838, 100),
(3470, 839, 451),
(3471, 840, 447),
(3472, 841, 79),
(3473, 842, 1339),
(3474, 843, 580),
(3475, 844, 1288),
(3476, 845, 533),
(3477, 846, 1096),
(3478, 847, 1045),
(3479, 848, 946),
(3480, 849, 211),
(3481, 850, 725),
(3482, 851, 1167),
(3483, 852, 1188),
(3484, 853, 554),
(3485, 854, 322),
(3486, 855, 416),
(3487, 856, 1278),
(3488, 857, 58),
(3489, 858, 190),
(3490, 859, 496),
(3491, 860, 1292),
(3492, 861, 1154),
(3493, 862, 911),
(3494, 863, 589),
(3495, 864, 879),
(3496, 865, 778),
(3497, 866, 342),
(3498, 867, 291),
(3499, 868, 965),
(3500, 869, 329),
(3501, 870, 790),
(3502, 871, 454),
(3503, 872, 464),
(3504, 873, 510),
(3505, 874, 1120),
(3506, 875, 513),
(3507, 876, 761),
(3508, 877, 731),
(3509, 878, 683),
(3510, 879, 560),
(3511, 880, 725),
(3512, 881, 609),
(3513, 882, 11),
(3514, 883, 524),
(3515, 884, 1009),
(3516, 885, 1141),
(3517, 886, 118),
(3518, 887, 457),
(3519, 888, 615),
(3520, 889, 373),
(3521, 890, 1180),
(3522, 891, 136),
(3523, 892, 326),
(3524, 893, 781),
(3525, 894, 1125),
(3526, 895, 1346),
(3527, 896, 346),
(3528, 897, 268),
(3529, 898, 156),
(3530, 899, 925),
(3531, 900, 224),
(3532, 901, 255),
(3533, 902, 220),
(3534, 903, 766),
(3535, 904, 908),
(3536, 905, 675),
(3537, 906, 390),
(3538, 907, 881),
(3539, 908, 1087),
(3540, 909, 619),
(3541, 910, 1256),
(3542, 911, 907),
(3543, 912, 227),
(3544, 913, 326),
(3545, 914, 739),
(3546, 915, 1061),
(3547, 916, 743),
(3548, 917, 1104),
(3549, 918, 889),
(3550, 919, 363),
(3551, 920, 872),
(3552, 921, 800),
(3553, 922, 564),
(3554, 923, 120),
(3555, 924, 21),
(3556, 925, 735),
(3557, 926, 770),
(3558, 927, 145),
(3559, 928, 642),
(3560, 929, 328),
(3561, 930, 258),
(3562, 931, 42),
(3563, 932, 757),
(3564, 933, 1238),
(3565, 934, 379),
(3566, 935, 693),
(3567, 936, 633),
(3568, 937, 1037),
(3569, 938, 1202),
(3570, 939, 310),
(3571, 940, 788),
(3572, 941, 873),
(3573, 942, 106),
(3574, 943, 941),
(3575, 944, 923),
(3576, 945, 1041),
(3577, 946, 1261),
(3578, 947, 813),
(3579, 948, 62),
(3580, 949, 672),
(3581, 950, 1214),
(3582, 951, 812),
(3583, 952, 196),
(3584, 953, 410),
(3585, 954, 1162),
(3586, 955, 242),
(3587, 956, 1237),
(3588, 957, 926),
(3589, 958, 344),
(3590, 959, 1327),
(3591, 960, 1057),
(3592, 961, 998),
(3593, 962, 969),
(3594, 963, 1003),
(3595, 964, 1157),
(3596, 965, 803),
(3597, 966, 584),
(3598, 967, 447),
(3599, 968, 1325),
(3600, 969, 1273),
(3601, 970, 1271),
(3602, 971, 964),
(3603, 972, 1174),
(3604, 973, 942),
(3605, 974, 1150),
(3606, 975, 1334),
(3607, 976, 605),
(3608, 977, 363),
(3609, 978, 1234),
(3610, 979, 282),
(3611, 980, 747),
(3612, 981, 393),
(3613, 982, 1110),
(3614, 983, 158),
(3615, 984, 1137),
(3616, 985, 902),
(3617, 986, 277),
(3618, 987, 464),
(3619, 988, 1042),
(3620, 989, 1178),
(3621, 990, 975),
(3622, 991, 67),
(3623, 992, 789),
(3624, 993, 192),
(3625, 994, 940),
(3626, 995, 267),
(3627, 996, 1031),
(3628, 997, 699),
(3629, 998, 118),
(3630, 999, 1192),
(3631, 1000, 1151),
(3632, 1001, 1346),
(3633, 1002, 825),
(3634, 1003, 717),
(3635, 1004, 1112),
(3636, 1005, 192),
(3637, 1006, 698),
(3638, 1007, 1040),
(3639, 1008, 491),
(3640, 1009, 74),
(3641, 1010, 1133),
(3642, 1011, 535),
(3643, 1012, 420),
(3644, 1013, 1339),
(3645, 1014, 103),
(3646, 1015, 967),
(3647, 1016, 255),
(3648, 1017, 815),
(3649, 1018, 648),
(3650, 1019, 847),
(3651, 1020, 723),
(3652, 1021, 846),
(3653, 1022, 2),
(3654, 1023, 1070),
(3655, 1024, 1151),
(3656, 1025, 433),
(3657, 1026, 398),
(3658, 1027, 1285),
(3659, 1028, 1052),
(3660, 1029, 407),
(3661, 1030, 703),
(3662, 1031, 333),
(3663, 1032, 169),
(3664, 1033, 942),
(3665, 1034, 229),
(3666, 1035, 1140),
(3667, 1036, 168),
(3668, 1037, 1233),
(3669, 1038, 80),
(3670, 1039, 820),
(3671, 1040, 1021),
(3672, 1041, 285),
(3673, 1042, 757),
(3674, 1043, 759),
(3675, 1044, 587),
(3676, 1045, 403),
(3677, 1046, 1219),
(3678, 1047, 630),
(3679, 1048, 796),
(3680, 1049, 654),
(3681, 1050, 1130),
(3682, 1051, 479),
(3683, 1052, 35),
(3684, 1053, 449),
(3685, 1054, 319),
(3686, 1055, 668),
(3687, 1056, 1061),
(3688, 1057, 785),
(3689, 1058, 1228),
(3690, 1059, 745),
(3691, 1060, 347),
(3692, 1061, 497),
(3693, 1062, 374),
(3694, 1063, 984),
(3695, 1064, 951),
(3696, 1065, 1222),
(3697, 1066, 55),
(3698, 1067, 878),
(3699, 1068, 934),
(3700, 1069, 888),
(3701, 1070, 678),
(3702, 1071, 1181),
(3703, 1072, 62),
(3704, 1073, 264),
(3705, 1074, 1240),
(3706, 1075, 807),
(3707, 1076, 475),
(3708, 1077, 947),
(3709, 1078, 651),
(3710, 1079, 557),
(3711, 1080, 687),
(3712, 1081, 93),
(3713, 1082, 364),
(3714, 1083, 1033),
(3715, 1084, 1300),
(3716, 1085, 37),
(3717, 1086, 539),
(3718, 1087, 81),
(3719, 1088, 542),
(3720, 1089, 737),
(3721, 1090, 1326),
(3722, 1091, 500),
(3723, 1092, 1202),
(3724, 1093, 844),
(3725, 1094, 672),
(3726, 1095, 114),
(3727, 1096, 298),
(3728, 1097, 258),
(3729, 1098, 841),
(3730, 1099, 730),
(3731, 1100, 566),
(3732, 1101, 928),
(3733, 1102, 1200),
(3734, 1103, 1321),
(3735, 1104, 238),
(3736, 1105, 742),
(3737, 1106, 263),
(3738, 1107, 255),
(3739, 1108, 25),
(3740, 1109, 667),
(3741, 1110, 1302),
(3742, 1111, 42),
(3743, 1112, 764),
(3744, 1113, 854),
(3745, 1114, 96),
(3746, 1115, 836),
(3747, 1116, 847),
(3748, 1117, 690),
(3749, 1118, 189),
(3750, 1119, 208),
(3751, 1120, 384),
(3752, 1121, 820),
(3753, 1122, 1171),
(3754, 1123, 850),
(3755, 1124, 635),
(3756, 1125, 300),
(3757, 1126, 1041),
(3758, 1127, 1207),
(3759, 1128, 964),
(3760, 1129, 679),
(3761, 1130, 181),
(3762, 1131, 15),
(3763, 1132, 128),
(3764, 1133, 298),
(3765, 1134, 1271),
(3766, 1135, 131),
(3767, 1136, 724),
(3768, 1137, 155),
(3769, 1138, 659),
(3770, 1139, 997),
(3771, 1140, 540),
(3772, 1141, 181),
(3773, 1142, 37),
(3774, 1143, 640),
(3775, 1144, 486),
(3776, 1145, 930),
(3777, 1146, 310),
(3778, 1147, 1182),
(3779, 1148, 870),
(3780, 1149, 568),
(3781, 1150, 904),
(3782, 1151, 2),
(3783, 1152, 1327),
(3784, 1153, 780),
(3785, 1154, 577),
(3786, 1155, 478),
(3787, 1156, 66),
(3788, 1157, 1188),
(3789, 1158, 1289),
(3790, 1159, 1231),
(3791, 1160, 180),
(3792, 1161, 392),
(3793, 1162, 938),
(3794, 1163, 1242),
(3795, 1164, 1034),
(3796, 1165, 835),
(3797, 1166, 1165),
(3798, 1167, 358),
(3799, 1168, 129),
(3800, 1169, 414),
(3801, 1170, 22),
(3802, 1171, 371),
(3803, 1172, 176),
(3804, 1173, 132),
(3805, 1174, 1311),
(3806, 1175, 685),
(3807, 1176, 1275),
(3808, 1177, 973),
(3809, 1178, 120),
(3810, 1179, 208),
(3811, 1180, 483),
(3812, 1181, 469),
(3813, 1182, 275),
(3814, 1183, 634),
(3815, 1184, 1203),
(3816, 1185, 885),
(3817, 1186, 22),
(3818, 1187, 951),
(3819, 1188, 733),
(3820, 1189, 295),
(3821, 1190, 1072),
(3822, 1191, 735),
(3823, 1192, 13),
(3824, 1193, 265),
(3825, 1194, 1264),
(3826, 1195, 831),
(3827, 1196, 88),
(3828, 1197, 395),
(3829, 1198, 1117),
(3830, 1199, 55),
(3831, 1200, 1254),
(3832, 1201, 372),
(3833, 1202, 204),
(3834, 1203, 373),
(3835, 1204, 1283),
(3836, 1205, 386),
(3837, 1206, 72),
(3838, 1207, 1349),
(3839, 1208, 132),
(3840, 1209, 783),
(3841, 1210, 935),
(3842, 1211, 482),
(3843, 1212, 242),
(3844, 1213, 836),
(3845, 1214, 442),
(3846, 1215, 460),
(3847, 1216, 1251),
(3848, 1217, 785),
(3849, 1218, 287),
(3850, 1219, 1005),
(3851, 1220, 1100),
(3852, 1221, 1355),
(3853, 1222, 156),
(3854, 1223, 1051),
(3855, 1224, 282),
(3856, 1225, 590),
(3857, 1226, 732),
(3858, 1227, 1286),
(3859, 1228, 897),
(3860, 1229, 641),
(3861, 1230, 1143),
(3862, 1231, 513),
(3863, 1232, 170),
(3864, 1233, 926),
(3865, 1234, 1239),
(3866, 1235, 197),
(3867, 1236, 857),
(3868, 1237, 1194),
(3869, 1238, 518),
(3870, 1239, 152),
(3871, 1240, 381),
(3872, 1241, 247),
(3873, 1242, 778),
(3874, 1243, 1167),
(3875, 1244, 32),
(3876, 1245, 1299),
(3877, 1246, 233),
(3878, 1247, 653),
(3879, 1248, 255),
(3880, 1249, 630),
(3881, 1250, 658),
(3882, 1251, 508),
(3883, 1252, 939),
(3884, 1253, 284),
(3885, 1254, 856),
(3886, 1255, 615),
(3887, 1256, 484),
(3888, 1257, 960),
(3889, 1258, 37),
(3890, 1259, 1273),
(3891, 1260, 1074),
(3892, 1261, 485),
(3893, 1262, 84),
(3894, 1263, 1006),
(3895, 1264, 710),
(3896, 1265, 1225),
(3897, 1266, 634),
(3898, 1267, 1282),
(3899, 1268, 386),
(3900, 1269, 851),
(3901, 1270, 96),
(3902, 1271, 1296),
(3903, 1272, 737),
(3904, 1273, 170),
(3905, 1274, 1090),
(3906, 1275, 1140),
(3907, 1276, 743),
(3908, 1277, 132),
(3909, 1278, 1204),
(3910, 1279, 101),
(3911, 1280, 892),
(3912, 1281, 887),
(3913, 1282, 1121),
(3914, 1283, 495),
(3915, 1284, 1070),
(3916, 1285, 74),
(3917, 1286, 1304),
(3918, 1287, 636),
(3919, 1288, 1213),
(3920, 1289, 838),
(3921, 1290, 141),
(3922, 1291, 1),
(3923, 1292, 777),
(3924, 1293, 755),
(3925, 1294, 1340),
(3926, 1295, 103),
(3927, 1296, 1319),
(3928, 1297, 17),
(3929, 1298, 913),
(3930, 1299, 731),
(3931, 1300, 308),
(3932, 1301, 810),
(3933, 1302, 226),
(3934, 1303, 948),
(3935, 1304, 729),
(3936, 1305, 678),
(3937, 1306, 91),
(3938, 1307, 434),
(3939, 1308, 436),
(3940, 1309, 848),
(3941, 1310, 996),
(3942, 1311, 1034),
(3943, 1312, 1293),
(3944, 1313, 1223),
(3945, 1314, 217),
(3946, 1315, 1356),
(3947, 1316, 425),
(3948, 1317, 55),
(3949, 1318, 1188),
(3950, 1319, 12),
(3951, 1320, 396),
(3952, 1321, 128),
(3953, 1322, 92),
(3954, 1323, 271),
(3955, 1324, 769),
(3956, 1325, 1125),
(3957, 1326, 826),
(3958, 1327, 12),
(3959, 1328, 1027),
(3960, 1329, 48),
(3961, 1330, 885),
(3962, 1331, 79),
(3963, 1332, 565),
(3964, 1333, 468),
(3965, 1334, 982),
(3966, 1335, 559),
(3967, 1336, 1087),
(3968, 1337, 772),
(3969, 1338, 838),
(3970, 1339, 1112),
(3971, 1340, 1243),
(3972, 1341, 637),
(3973, 1342, 73),
(3974, 1343, 1173),
(3975, 1344, 367),
(3976, 1345, 761),
(3977, 1346, 586),
(3978, 1347, 954),
(3979, 1348, 777),
(3980, 1349, 1351),
(3981, 1350, 826),
(3982, 1351, 953),
(3983, 1352, 151),
(3984, 1353, 230),
(3985, 29, 1196),
(3986, 30, 757),
(3987, 31, 363),
(3988, 32, 567),
(3989, 33, 1209),
(3990, 34, 797),
(3991, 35, 1288),
(3992, 36, 739),
(3993, 37, 1266),
(3994, 38, 1233),
(3995, 39, 585),
(3996, 40, 404),
(3997, 41, 56),
(3998, 42, 669),
(3999, 43, 84),
(4000, 44, 574),
(4001, 45, 860),
(4002, 46, 61),
(4003, 47, 948),
(4004, 48, 1277),
(4005, 49, 1144),
(4006, 50, 725),
(4007, 51, 166),
(4008, 52, 1217),
(4009, 53, 1108),
(4010, 54, 600),
(4011, 55, 158),
(4012, 56, 1242),
(4013, 57, 977),
(4014, 58, 631),
(4015, 59, 203),
(4016, 60, 1193),
(4017, 61, 567),
(4018, 62, 1315),
(4019, 63, 684),
(4020, 64, 1276),
(4021, 65, 1122),
(4022, 66, 1097),
(4023, 67, 659),
(4024, 68, 499),
(4025, 69, 464),
(4026, 70, 967),
(4027, 71, 1054),
(4028, 72, 1144),
(4029, 73, 140),
(4030, 74, 870),
(4031, 75, 1004),
(4032, 76, 292),
(4033, 77, 904),
(4034, 78, 1024),
(4035, 79, 111),
(4036, 80, 426),
(4037, 81, 200),
(4038, 82, 305),
(4039, 83, 803),
(4040, 84, 528),
(4041, 85, 328),
(4042, 86, 669),
(4043, 87, 745),
(4044, 88, 1146),
(4045, 89, 286),
(4046, 90, 630),
(4047, 91, 1284),
(4048, 92, 601),
(4049, 93, 160),
(4050, 94, 652),
(4051, 95, 1315),
(4052, 96, 1322),
(4053, 97, 1348),
(4054, 98, 391),
(4055, 99, 779),
(4056, 100, 1220),
(4057, 101, 41),
(4058, 102, 1104),
(4059, 103, 638),
(4060, 104, 976),
(4061, 105, 21),
(4062, 106, 1186),
(4063, 107, 1034),
(4064, 108, 931),
(4065, 109, 434),
(4066, 110, 752),
(4067, 111, 1153),
(4068, 112, 154),
(4069, 113, 944),
(4070, 114, 325),
(4071, 115, 541),
(4072, 116, 570),
(4073, 117, 167),
(4074, 118, 859),
(4075, 119, 1123),
(4076, 120, 1000),
(4077, 121, 509),
(4078, 122, 1104),
(4079, 123, 450),
(4080, 124, 386),
(4081, 125, 593),
(4082, 126, 1038),
(4083, 127, 913),
(4084, 128, 311),
(4085, 129, 83),
(4086, 130, 471),
(4087, 131, 1253),
(4088, 132, 794),
(4089, 133, 855),
(4090, 134, 1292),
(4091, 135, 342),
(4092, 136, 854),
(4093, 137, 1191),
(4094, 138, 982),
(4095, 139, 55),
(4096, 140, 1149),
(4097, 141, 135),
(4098, 142, 59),
(4099, 143, 622),
(4100, 144, 1062),
(4101, 145, 1221),
(4102, 146, 902),
(4103, 147, 208),
(4104, 148, 1332),
(4105, 149, 1266),
(4106, 150, 845),
(4107, 151, 465),
(4108, 152, 1290),
(4109, 153, 148),
(4110, 154, 199),
(4111, 155, 965),
(4112, 156, 1329),
(4113, 157, 1030),
(4114, 158, 974),
(4115, 159, 673),
(4116, 160, 160),
(4117, 161, 778),
(4118, 162, 768),
(4119, 163, 217),
(4120, 164, 803),
(4121, 165, 371),
(4122, 166, 1348),
(4123, 167, 460),
(4124, 168, 638),
(4125, 169, 127),
(4126, 170, 319),
(4127, 171, 439),
(4128, 172, 897),
(4129, 173, 563),
(4130, 174, 876),
(4131, 175, 764),
(4132, 176, 1033),
(4133, 177, 944),
(4134, 178, 492),
(4135, 179, 665),
(4136, 180, 315),
(4137, 181, 1338),
(4138, 182, 131),
(4139, 183, 1299),
(4140, 184, 197),
(4141, 185, 871),
(4142, 186, 24),
(4143, 187, 804),
(4144, 188, 540),
(4145, 189, 594),
(4146, 190, 639),
(4147, 191, 92),
(4148, 192, 787),
(4149, 193, 263),
(4150, 194, 37),
(4151, 195, 315),
(4152, 196, 348),
(4153, 197, 1232),
(4154, 198, 1266),
(4155, 199, 555),
(4156, 200, 518),
(4157, 201, 9),
(4158, 202, 483),
(4159, 203, 766),
(4160, 204, 273),
(4161, 205, 1010),
(4162, 206, 158),
(4163, 207, 232),
(4164, 208, 826),
(4165, 209, 1246),
(4166, 210, 1106),
(4167, 211, 911),
(4168, 212, 1109),
(4169, 213, 1075),
(4170, 214, 850),
(4171, 215, 803),
(4172, 216, 1183),
(4173, 217, 1280),
(4174, 218, 687),
(4175, 219, 181),
(4176, 220, 1199),
(4177, 221, 815),
(4178, 222, 1262),
(4179, 223, 853),
(4180, 224, 304),
(4181, 225, 519),
(4182, 226, 867),
(4183, 227, 680),
(4184, 228, 187),
(4185, 229, 40),
(4186, 230, 177),
(4187, 231, 786),
(4188, 232, 656),
(4189, 233, 1164),
(4190, 234, 631),
(4191, 235, 534),
(4192, 236, 784),
(4193, 237, 156),
(4194, 238, 1233),
(4195, 239, 193),
(4196, 240, 1326),
(4197, 241, 135),
(4198, 242, 304),
(4199, 243, 1007),
(4200, 244, 649),
(4201, 245, 951),
(4202, 246, 254),
(4203, 247, 277),
(4204, 248, 749),
(4205, 249, 334),
(4206, 250, 239),
(4207, 251, 464),
(4208, 252, 523),
(4209, 253, 640),
(4210, 254, 1163),
(4211, 255, 893),
(4212, 256, 79),
(4213, 257, 1202),
(4214, 258, 1200),
(4215, 259, 1209),
(4216, 260, 947),
(4217, 261, 76),
(4218, 262, 607),
(4219, 263, 154),
(4220, 264, 711),
(4221, 265, 1243),
(4222, 266, 1071),
(4223, 267, 643),
(4224, 268, 774),
(4225, 269, 571),
(4226, 270, 108),
(4227, 271, 734),
(4228, 272, 721),
(4229, 273, 599),
(4230, 274, 876),
(4231, 275, 512),
(4232, 276, 1223),
(4233, 277, 108),
(4234, 278, 696),
(4235, 279, 590),
(4236, 280, 153),
(4237, 281, 1280),
(4238, 282, 460),
(4239, 283, 916),
(4240, 284, 1227),
(4241, 285, 54),
(4242, 286, 1229),
(4243, 287, 1299),
(4244, 288, 397),
(4245, 289, 38),
(4246, 290, 762),
(4247, 291, 514),
(4248, 292, 1347),
(4249, 293, 1221),
(4250, 294, 1259),
(4251, 295, 915),
(4252, 296, 678),
(4253, 297, 264),
(4254, 298, 683),
(4255, 299, 1055),
(4256, 300, 100),
(4257, 301, 335),
(4258, 302, 413),
(4259, 303, 690),
(4260, 304, 961),
(4261, 305, 721),
(4262, 306, 585),
(4263, 307, 216),
(4264, 308, 1155),
(4265, 309, 994),
(4266, 310, 492),
(4267, 311, 700),
(4268, 312, 983),
(4269, 313, 634),
(4270, 314, 367),
(4271, 315, 245),
(4272, 316, 1070),
(4273, 317, 115),
(4274, 318, 300),
(4275, 319, 733),
(4276, 320, 371),
(4277, 321, 1092),
(4278, 322, 950),
(4279, 323, 438),
(4280, 324, 615),
(4281, 325, 649),
(4282, 326, 96),
(4283, 327, 1312),
(4284, 328, 30),
(4285, 329, 898),
(4286, 330, 627),
(4287, 331, 1156),
(4288, 332, 874),
(4289, 333, 385),
(4290, 334, 1014),
(4291, 335, 1063),
(4292, 336, 449),
(4293, 337, 1106),
(4294, 338, 1104),
(4295, 339, 1081),
(4296, 340, 137),
(4297, 341, 457),
(4298, 342, 12),
(4299, 343, 779),
(4300, 344, 1040),
(4301, 345, 291),
(4302, 346, 610),
(4303, 347, 154),
(4304, 348, 326),
(4305, 349, 983),
(4306, 350, 1099),
(4307, 351, 1092),
(4308, 352, 693),
(4309, 353, 805),
(4310, 354, 252),
(4311, 355, 986),
(4312, 356, 308),
(4313, 357, 205),
(4314, 358, 263),
(4315, 359, 1198),
(4316, 360, 924),
(4317, 361, 1273),
(4318, 362, 705),
(4319, 363, 326),
(4320, 364, 618),
(4321, 365, 956),
(4322, 366, 1352),
(4323, 367, 183),
(4324, 368, 89),
(4325, 369, 50),
(4326, 370, 740),
(4327, 371, 999),
(4328, 372, 521),
(4329, 373, 1284),
(4330, 374, 977),
(4331, 375, 1040),
(4332, 376, 336),
(4333, 377, 605),
(4334, 378, 173),
(4335, 379, 640),
(4336, 380, 135),
(4337, 381, 1073),
(4338, 382, 302),
(4339, 383, 870),
(4340, 384, 541),
(4341, 385, 109),
(4342, 386, 365),
(4343, 387, 1205),
(4344, 388, 61),
(4345, 389, 1248),
(4346, 390, 329),
(4347, 391, 954),
(4348, 392, 240),
(4349, 393, 227),
(4350, 394, 204),
(4351, 395, 1324),
(4352, 396, 133),
(4353, 397, 198),
(4354, 398, 1164),
(4355, 399, 655),
(4356, 400, 1078),
(4357, 401, 592),
(4358, 402, 195),
(4359, 403, 573),
(4360, 404, 496),
(4361, 405, 975),
(4362, 406, 122),
(4363, 407, 79),
(4364, 408, 1198),
(4365, 409, 1326),
(4366, 410, 150),
(4367, 411, 641),
(4368, 412, 999),
(4369, 413, 349),
(4370, 414, 1125),
(4371, 415, 270),
(4372, 416, 47),
(4373, 417, 487),
(4374, 418, 1070),
(4375, 419, 785),
(4376, 420, 520),
(4377, 421, 1136),
(4378, 422, 833),
(4379, 423, 563),
(4380, 424, 1285),
(4381, 425, 922),
(4382, 426, 217),
(4383, 427, 342),
(4384, 428, 726),
(4385, 429, 747),
(4386, 430, 402),
(4387, 431, 742),
(4388, 432, 111),
(4389, 433, 997),
(4390, 434, 951),
(4391, 435, 1193),
(4392, 436, 258),
(4393, 437, 587),
(4394, 438, 698),
(4395, 439, 1100),
(4396, 440, 391),
(4397, 441, 1111),
(4398, 442, 671),
(4399, 443, 1083),
(4400, 444, 244),
(4401, 445, 1132),
(4402, 446, 758),
(4403, 447, 495),
(4404, 448, 1345),
(4405, 449, 1314),
(4406, 450, 846),
(4407, 451, 84),
(4408, 452, 1172),
(4409, 453, 844),
(4410, 454, 497),
(4411, 455, 437),
(4412, 456, 131),
(4413, 457, 1044),
(4414, 458, 419),
(4415, 459, 621),
(4416, 460, 1191),
(4417, 461, 1063),
(4418, 462, 402),
(4419, 463, 878),
(4420, 464, 570),
(4421, 465, 745),
(4422, 466, 523),
(4423, 467, 1055),
(4424, 468, 969),
(4425, 469, 188),
(4426, 470, 1141),
(4427, 471, 1179),
(4428, 472, 657),
(4429, 473, 443),
(4430, 474, 490),
(4431, 475, 1108),
(4432, 476, 1085),
(4433, 477, 840),
(4434, 478, 1227),
(4435, 479, 1241),
(4436, 480, 156),
(4437, 481, 191),
(4438, 482, 1090),
(4439, 483, 334),
(4440, 484, 1211),
(4441, 485, 272),
(4442, 486, 630),
(4443, 487, 1328),
(4444, 488, 252),
(4445, 489, 193),
(4446, 490, 976),
(4447, 491, 753),
(4448, 492, 5),
(4449, 493, 1051),
(4450, 494, 191),
(4451, 495, 1042),
(4452, 496, 1121),
(4453, 497, 324),
(4454, 498, 517),
(4455, 499, 1289),
(4456, 500, 1316),
(4457, 501, 411),
(4458, 502, 648),
(4459, 503, 321),
(4460, 504, 496),
(4461, 505, 1240),
(4462, 506, 88),
(4463, 507, 1261),
(4464, 508, 671),
(4465, 509, 762),
(4466, 510, 138),
(4467, 511, 810),
(4468, 512, 35),
(4469, 513, 116),
(4470, 514, 13),
(4471, 515, 740),
(4472, 516, 327),
(4473, 517, 283),
(4474, 518, 717),
(4475, 519, 940),
(4476, 520, 799),
(4477, 521, 909),
(4478, 522, 933),
(4479, 523, 542),
(4480, 524, 368),
(4481, 525, 715),
(4482, 526, 560),
(4483, 527, 676),
(4484, 528, 205),
(4485, 529, 1233),
(4486, 530, 728),
(4487, 531, 1070),
(4488, 532, 745),
(4489, 533, 176),
(4490, 534, 502),
(4491, 535, 618),
(4492, 536, 306),
(4493, 537, 1036),
(4494, 538, 1211),
(4495, 539, 1100),
(4496, 540, 1151),
(4497, 541, 379),
(4498, 542, 762),
(4499, 543, 9),
(4500, 544, 193),
(4501, 545, 384),
(4502, 546, 680),
(4503, 547, 1261),
(4504, 548, 695),
(4505, 549, 434),
(4506, 550, 197),
(4507, 551, 114),
(4508, 552, 181),
(4509, 553, 969),
(4510, 554, 905),
(4511, 555, 730),
(4512, 556, 252),
(4513, 557, 563),
(4514, 558, 765),
(4515, 559, 3),
(4516, 560, 965),
(4517, 561, 357),
(4518, 562, 64),
(4519, 563, 200),
(4520, 564, 551),
(4521, 565, 815),
(4522, 566, 45),
(4523, 567, 529),
(4524, 568, 701),
(4525, 569, 82),
(4526, 570, 127),
(4527, 571, 92),
(4528, 572, 677),
(4529, 573, 183),
(4530, 574, 195),
(4531, 575, 942),
(4532, 576, 455),
(4533, 577, 21),
(4534, 578, 237),
(4535, 579, 312),
(4536, 580, 203),
(4537, 581, 391),
(4538, 582, 986),
(4539, 583, 1237),
(4540, 584, 894),
(4541, 585, 640),
(4542, 586, 1101),
(4543, 587, 963),
(4544, 588, 1189),
(4545, 589, 1352),
(4546, 590, 78),
(4547, 591, 1293),
(4548, 592, 1195),
(4549, 593, 164),
(4550, 594, 59),
(4551, 595, 276),
(4552, 596, 1170),
(4553, 597, 674),
(4554, 598, 1122),
(4555, 599, 1044),
(4556, 600, 457),
(4557, 601, 355),
(4558, 602, 194),
(4559, 603, 1046),
(4560, 604, 616),
(4561, 605, 520),
(4562, 606, 789),
(4563, 607, 1333),
(4564, 608, 961),
(4565, 609, 900),
(4566, 610, 378),
(4567, 611, 353),
(4568, 612, 1005),
(4569, 613, 450),
(4570, 614, 119),
(4571, 615, 14),
(4572, 616, 1076),
(4573, 617, 665),
(4574, 618, 119),
(4575, 619, 1167),
(4576, 620, 424),
(4577, 621, 1121),
(4578, 622, 81),
(4579, 623, 1341),
(4580, 624, 186),
(4581, 625, 69),
(4582, 626, 1225),
(4583, 627, 1334),
(4584, 628, 444),
(4585, 629, 14),
(4586, 630, 842),
(4587, 631, 62),
(4588, 632, 724),
(4589, 633, 720),
(4590, 634, 1210),
(4591, 635, 179),
(4592, 636, 816),
(4593, 637, 898),
(4594, 638, 123),
(4595, 639, 1311),
(4596, 640, 850),
(4597, 641, 70),
(4598, 642, 643),
(4599, 643, 1218),
(4600, 644, 174),
(4601, 645, 534),
(4602, 646, 443),
(4603, 647, 368),
(4604, 648, 75),
(4605, 649, 266),
(4606, 650, 946),
(4607, 651, 7),
(4608, 652, 747),
(4609, 653, 624),
(4610, 654, 669),
(4611, 655, 406),
(4612, 656, 1297),
(4613, 657, 103),
(4614, 658, 876),
(4615, 659, 656),
(4616, 660, 1147),
(4617, 661, 733),
(4618, 662, 1049),
(4619, 663, 1080),
(4620, 664, 559),
(4621, 665, 411),
(4622, 666, 884),
(4623, 667, 891),
(4624, 668, 870),
(4625, 669, 639),
(4626, 670, 1244),
(4627, 671, 743),
(4628, 672, 575),
(4629, 673, 131),
(4630, 674, 366),
(4631, 675, 291),
(4632, 676, 215),
(4633, 677, 1004),
(4634, 678, 440),
(4635, 679, 466),
(4636, 680, 1108),
(4637, 681, 528),
(4638, 682, 1215),
(4639, 683, 977),
(4640, 684, 1007),
(4641, 685, 1164),
(4642, 686, 432),
(4643, 687, 86),
(4644, 688, 1295),
(4645, 689, 605),
(4646, 690, 836),
(4647, 691, 605),
(4648, 692, 762),
(4649, 693, 222),
(4650, 694, 1081),
(4651, 695, 1264),
(4652, 696, 672),
(4653, 697, 180),
(4654, 698, 638),
(4655, 699, 985),
(4656, 700, 872),
(4657, 701, 483),
(4658, 702, 154),
(4659, 703, 1198),
(4660, 704, 795),
(4661, 705, 123),
(4662, 706, 1073),
(4663, 707, 1158),
(4664, 708, 545),
(4665, 709, 250),
(4666, 710, 998),
(4667, 711, 924),
(4668, 712, 140),
(4669, 713, 265),
(4670, 714, 550),
(4671, 715, 1141),
(4672, 716, 514),
(4673, 717, 175),
(4674, 718, 729),
(4675, 719, 1020),
(4676, 720, 499),
(4677, 721, 125),
(4678, 722, 561),
(4679, 723, 340),
(4680, 724, 1327),
(4681, 725, 1331),
(4682, 726, 446),
(4683, 727, 919),
(4684, 728, 829),
(4685, 729, 1205),
(4686, 730, 945),
(4687, 731, 507),
(4688, 732, 671),
(4689, 733, 920),
(4690, 734, 841),
(4691, 735, 233),
(4692, 736, 1278),
(4693, 737, 1001),
(4694, 738, 427),
(4695, 739, 575),
(4696, 740, 498),
(4697, 741, 111),
(4698, 742, 966),
(4699, 743, 22),
(4700, 744, 1204),
(4701, 745, 993),
(4702, 746, 1048),
(4703, 747, 1019),
(4704, 748, 222),
(4705, 749, 1157),
(4706, 750, 1041),
(4707, 751, 597),
(4708, 752, 1224),
(4709, 753, 743),
(4710, 754, 1233),
(4711, 755, 1130),
(4712, 756, 1102),
(4713, 757, 1311),
(4714, 758, 741),
(4715, 759, 849),
(4716, 760, 444),
(4717, 761, 1003),
(4718, 762, 1015),
(4719, 763, 601),
(4720, 764, 910),
(4721, 765, 937),
(4722, 766, 818),
(4723, 767, 1110),
(4724, 768, 894),
(4725, 769, 840),
(4726, 770, 893),
(4727, 771, 922),
(4728, 772, 738),
(4729, 773, 563),
(4730, 774, 736),
(4731, 775, 207),
(4732, 776, 440),
(4733, 777, 530),
(4734, 778, 841),
(4735, 779, 1053),
(4736, 780, 375),
(4737, 781, 870),
(4738, 782, 216),
(4739, 783, 1135),
(4740, 784, 447),
(4741, 785, 440),
(4742, 786, 802),
(4743, 787, 1289),
(4744, 788, 934),
(4745, 789, 897),
(4746, 790, 101),
(4747, 791, 420),
(4748, 792, 325),
(4749, 793, 346),
(4750, 794, 966),
(4751, 795, 1314),
(4752, 796, 1167),
(4753, 797, 282),
(4754, 798, 446),
(4755, 799, 787),
(4756, 800, 649),
(4757, 801, 1092),
(4758, 802, 98),
(4759, 803, 116),
(4760, 804, 856),
(4761, 805, 1288),
(4762, 806, 963),
(4763, 807, 1196),
(4764, 808, 494),
(4765, 809, 804),
(4766, 810, 974),
(4767, 811, 1097),
(4768, 812, 138),
(4769, 813, 770),
(4770, 814, 551),
(4771, 815, 1186),
(4772, 816, 191),
(4773, 817, 733),
(4774, 818, 330),
(4775, 819, 1326),
(4776, 820, 1117),
(4777, 821, 512),
(4778, 822, 645),
(4779, 823, 351),
(4780, 824, 1129),
(4781, 825, 196),
(4782, 826, 990),
(4783, 827, 32),
(4784, 828, 555),
(4785, 829, 27),
(4786, 830, 898),
(4787, 831, 1045),
(4788, 832, 536),
(4789, 833, 340),
(4790, 834, 1170),
(4791, 835, 475),
(4792, 836, 796),
(4793, 837, 791),
(4794, 838, 1137),
(4795, 839, 100),
(4796, 840, 1249),
(4797, 841, 87),
(4798, 842, 599),
(4799, 843, 757),
(4800, 844, 13),
(4801, 845, 969),
(4802, 846, 15),
(4803, 847, 1170),
(4804, 848, 397),
(4805, 849, 758),
(4806, 850, 207),
(4807, 851, 402),
(4808, 852, 930),
(4809, 853, 234),
(4810, 854, 1271),
(4811, 855, 1182),
(4812, 856, 336),
(4813, 857, 1081),
(4814, 858, 215),
(4815, 859, 283),
(4816, 860, 589),
(4817, 861, 718),
(4818, 862, 1099),
(4819, 863, 895),
(4820, 864, 599),
(4821, 865, 568),
(4822, 866, 1191),
(4823, 867, 121),
(4824, 868, 899),
(4825, 869, 932),
(4826, 870, 705),
(4827, 871, 732),
(4828, 872, 427),
(4829, 873, 574),
(4830, 874, 905),
(4831, 875, 119),
(4832, 876, 301),
(4833, 877, 611),
(4834, 878, 59),
(4835, 879, 94),
(4836, 880, 596),
(4837, 881, 360),
(4838, 882, 1061),
(4839, 883, 342),
(4840, 884, 342),
(4841, 885, 711),
(4842, 886, 979),
(4843, 887, 427),
(4844, 888, 333),
(4845, 889, 1292),
(4846, 890, 315),
(4847, 891, 1198),
(4848, 892, 913),
(4849, 893, 474),
(4850, 894, 368),
(4851, 895, 531),
(4852, 896, 312),
(4853, 897, 368),
(4854, 898, 657),
(4855, 899, 589),
(4856, 900, 1153),
(4857, 901, 888),
(4858, 902, 451),
(4859, 903, 38),
(4860, 904, 692),
(4861, 905, 779),
(4862, 906, 989),
(4863, 907, 1323),
(4864, 908, 372),
(4865, 909, 550),
(4866, 910, 60),
(4867, 911, 458),
(4868, 912, 87),
(4869, 913, 313),
(4870, 914, 51),
(4871, 915, 468),
(4872, 916, 1314),
(4873, 917, 373),
(4874, 918, 1248),
(4875, 919, 1180),
(4876, 920, 759),
(4877, 921, 497),
(4878, 922, 704),
(4879, 923, 566),
(4880, 924, 1194),
(4881, 925, 724),
(4882, 926, 5),
(4883, 927, 252),
(4884, 928, 1151),
(4885, 929, 852),
(4886, 930, 823),
(4887, 931, 454),
(4888, 932, 408),
(4889, 933, 1216),
(4890, 934, 698),
(4891, 935, 899),
(4892, 936, 813),
(4893, 937, 461),
(4894, 938, 156),
(4895, 939, 292),
(4896, 940, 638),
(4897, 941, 1074),
(4898, 942, 1194),
(4899, 943, 886),
(4900, 944, 1108),
(4901, 945, 1121),
(4902, 946, 1129),
(4903, 947, 506),
(4904, 948, 609),
(4905, 949, 638),
(4906, 950, 755),
(4907, 951, 961),
(4908, 952, 824),
(4909, 953, 476),
(4910, 954, 950),
(4911, 955, 668),
(4912, 956, 308),
(4913, 957, 1099),
(4914, 958, 604),
(4915, 959, 1174),
(4916, 960, 1102),
(4917, 961, 525),
(4918, 962, 1238),
(4919, 963, 1253),
(4920, 964, 710),
(4921, 965, 346),
(4922, 966, 634),
(4923, 967, 1237),
(4924, 968, 1306),
(4925, 969, 644),
(4926, 970, 748),
(4927, 971, 948),
(4928, 972, 1234),
(4929, 973, 232),
(4930, 974, 748),
(4931, 975, 702),
(4932, 976, 1167),
(4933, 977, 970),
(4934, 978, 75),
(4935, 979, 1328),
(4936, 980, 393),
(4937, 981, 262),
(4938, 982, 328),
(4939, 983, 638),
(4940, 984, 555),
(4941, 985, 144),
(4942, 986, 703),
(4943, 987, 1191),
(4944, 988, 307),
(4945, 989, 717),
(4946, 990, 130),
(4947, 991, 1037),
(4948, 992, 383),
(4949, 993, 1118),
(4950, 994, 1317),
(4951, 995, 81),
(4952, 996, 61),
(4953, 997, 352),
(4954, 998, 792),
(4955, 999, 707),
(4956, 1000, 641),
(4957, 1001, 1090),
(4958, 1002, 191),
(4959, 1003, 641),
(4960, 1004, 455),
(4961, 1005, 131),
(4962, 1006, 605),
(4963, 1007, 112),
(4964, 1008, 918),
(4965, 1009, 459),
(4966, 1010, 1243),
(4967, 1011, 1175),
(4968, 1012, 788),
(4969, 1013, 505),
(4970, 1014, 770),
(4971, 1015, 1225),
(4972, 1016, 1020),
(4973, 1017, 1029),
(4974, 1018, 1193),
(4975, 1019, 88),
(4976, 1020, 478),
(4977, 1021, 726),
(4978, 1022, 530),
(4979, 1023, 768),
(4980, 1024, 609),
(4981, 1025, 389),
(4982, 1026, 807),
(4983, 1027, 1144),
(4984, 1028, 117),
(4985, 1029, 314),
(4986, 1030, 560),
(4987, 1031, 1067),
(4988, 1032, 178),
(4989, 1033, 484),
(4990, 1034, 1206),
(4991, 1035, 266),
(4992, 1036, 718),
(4993, 1037, 838),
(4994, 1038, 588),
(4995, 1039, 135),
(4996, 1040, 259),
(4997, 1041, 133),
(4998, 1042, 1305),
(4999, 1043, 654),
(5000, 1044, 406),
(5001, 1045, 943),
(5002, 1046, 826),
(5003, 1047, 689),
(5004, 1048, 1233),
(5005, 1049, 202),
(5006, 1050, 355),
(5007, 1051, 1341),
(5008, 1052, 757),
(5009, 1053, 1115),
(5010, 1054, 1011),
(5011, 1055, 3),
(5012, 1056, 514),
(5013, 1057, 383),
(5014, 1058, 1247),
(5015, 1059, 480),
(5016, 1060, 964),
(5017, 1061, 784),
(5018, 1062, 1085),
(5019, 1063, 1269),
(5020, 1064, 813),
(5021, 1065, 34),
(5022, 1066, 84),
(5023, 1067, 880),
(5024, 1068, 385),
(5025, 1069, 1273),
(5026, 1070, 573),
(5027, 1071, 848),
(5028, 1072, 1297),
(5029, 1073, 232),
(5030, 1074, 1306),
(5031, 1075, 1108),
(5032, 1076, 454),
(5033, 1077, 434),
(5034, 1078, 599),
(5035, 1079, 1103),
(5036, 1080, 55),
(5037, 1081, 615),
(5038, 1082, 775),
(5039, 1083, 493),
(5040, 1084, 1343),
(5041, 1085, 170),
(5042, 1086, 629),
(5043, 1087, 864),
(5044, 1088, 762),
(5045, 1089, 567),
(5046, 1090, 557),
(5047, 1091, 1074),
(5048, 1092, 1103),
(5049, 1093, 192),
(5050, 1094, 486),
(5051, 1095, 1204),
(5052, 1096, 165),
(5053, 1097, 1209),
(5054, 1098, 983),
(5055, 1099, 668),
(5056, 1100, 82),
(5057, 1101, 345),
(5058, 1102, 66),
(5059, 1103, 388),
(5060, 1104, 397),
(5061, 1105, 507),
(5062, 1106, 341),
(5063, 1107, 1114),
(5064, 1108, 236),
(5065, 1109, 1170),
(5066, 1110, 735),
(5067, 1111, 918),
(5068, 1112, 308),
(5069, 1113, 1261),
(5070, 1114, 30),
(5071, 1115, 1251),
(5072, 1116, 1117),
(5073, 1117, 165),
(5074, 1118, 287),
(5075, 1119, 827),
(5076, 1120, 1090),
(5077, 1121, 296),
(5078, 1122, 792),
(5079, 1123, 231),
(5080, 1124, 409),
(5081, 1125, 735),
(5082, 1126, 670),
(5083, 1127, 182),
(5084, 1128, 492),
(5085, 1129, 350),
(5086, 1130, 1015),
(5087, 1131, 645),
(5088, 1132, 374),
(5089, 1133, 588),
(5090, 1134, 478),
(5091, 1135, 1105),
(5092, 1136, 589),
(5093, 1137, 177),
(5094, 1138, 443),
(5095, 1139, 456),
(5096, 1140, 571),
(5097, 1141, 651),
(5098, 1142, 374),
(5099, 1143, 1141),
(5100, 1144, 1104),
(5101, 1145, 944),
(5102, 1146, 1003),
(5103, 1147, 1026),
(5104, 1148, 17),
(5105, 1149, 876),
(5106, 1150, 325),
(5107, 1151, 1012),
(5108, 1152, 473),
(5109, 1153, 588),
(5110, 1154, 823),
(5111, 1155, 468),
(5112, 1156, 666),
(5113, 1157, 1072),
(5114, 1158, 256),
(5115, 1159, 128),
(5116, 1160, 37),
(5117, 1161, 1076),
(5118, 1162, 443),
(5119, 1163, 312),
(5120, 1164, 58),
(5121, 1165, 21),
(5122, 1166, 1261),
(5123, 1167, 977),
(5124, 1168, 254),
(5125, 1169, 560),
(5126, 1170, 952),
(5127, 1171, 1063),
(5128, 1172, 840),
(5129, 1173, 774),
(5130, 1174, 1009),
(5131, 1175, 691),
(5132, 1176, 1047),
(5133, 1177, 108),
(5134, 1178, 494),
(5135, 1179, 711),
(5136, 1180, 327),
(5137, 1181, 1028),
(5138, 1182, 595),
(5139, 1183, 205),
(5140, 1184, 697),
(5141, 1185, 697),
(5142, 1186, 275),
(5143, 1187, 940),
(5144, 1188, 1263),
(5145, 1189, 932),
(5146, 1190, 337),
(5147, 1191, 1234),
(5148, 1192, 1139),
(5149, 1193, 140),
(5150, 1194, 196),
(5151, 1195, 179),
(5152, 1196, 643),
(5153, 1197, 89),
(5154, 1198, 373),
(5155, 1199, 1327),
(5156, 1200, 305),
(5157, 1201, 837),
(5158, 1202, 936),
(5159, 1203, 326),
(5160, 1204, 538),
(5161, 1205, 1008),
(5162, 1206, 1149),
(5163, 1207, 320),
(5164, 1208, 1290),
(5165, 1209, 818),
(5166, 1210, 562),
(5167, 1211, 1350),
(5168, 1212, 438),
(5169, 1213, 1300),
(5170, 1214, 1290),
(5171, 1215, 1284),
(5172, 1216, 1298),
(5173, 1217, 78),
(5174, 1218, 866),
(5175, 1219, 120),
(5176, 1220, 724),
(5177, 1221, 169),
(5178, 1222, 432),
(5179, 1223, 456),
(5180, 1224, 155),
(5181, 1225, 1208),
(5182, 1226, 71),
(5183, 1227, 164),
(5184, 1228, 733),
(5185, 1229, 631),
(5186, 1230, 737),
(5187, 1231, 755),
(5188, 1232, 445),
(5189, 1233, 1226),
(5190, 1234, 764),
(5191, 1235, 886),
(5192, 1236, 485),
(5193, 1237, 795),
(5194, 1238, 1110),
(5195, 1239, 952),
(5196, 1240, 1108),
(5197, 1241, 471),
(5198, 1242, 1195),
(5199, 1243, 974),
(5200, 1244, 587),
(5201, 1245, 67),
(5202, 1246, 375),
(5203, 1247, 86),
(5204, 1248, 1285),
(5205, 1249, 1199),
(5206, 1250, 277),
(5207, 1251, 641),
(5208, 1252, 1029),
(5209, 1253, 575),
(5210, 1254, 151),
(5211, 1255, 1203),
(5212, 1256, 1217),
(5213, 1257, 52),
(5214, 1258, 221),
(5215, 1259, 1304),
(5216, 1260, 179),
(5217, 1261, 752),
(5218, 1262, 86),
(5219, 1263, 686),
(5220, 1264, 1274),
(5221, 1265, 441),
(5222, 1266, 167),
(5223, 1267, 1240),
(5224, 1268, 450),
(5225, 1269, 684),
(5226, 1270, 136),
(5227, 1271, 753),
(5228, 1272, 1098),
(5229, 1273, 440),
(5230, 1274, 908),
(5231, 1275, 1139),
(5232, 1276, 596),
(5233, 1277, 203),
(5234, 1278, 502),
(5235, 1279, 410),
(5236, 1280, 312),
(5237, 1281, 605),
(5238, 1282, 432),
(5239, 1283, 273),
(5240, 1284, 755),
(5241, 1285, 837),
(5242, 1286, 956),
(5243, 1287, 981),
(5244, 1288, 92),
(5245, 1289, 474),
(5246, 1290, 194),
(5247, 1291, 1232),
(5248, 1292, 664),
(5249, 1293, 339),
(5250, 1294, 560),
(5251, 1295, 548),
(5252, 1296, 1138),
(5253, 1297, 673),
(5254, 1298, 407),
(5255, 1299, 651),
(5256, 1300, 394),
(5257, 1301, 544),
(5258, 1302, 245),
(5259, 1303, 68),
(5260, 1304, 665),
(5261, 1305, 590),
(5262, 1306, 62),
(5263, 1307, 530),
(5264, 1308, 343),
(5265, 1309, 1252),
(5266, 1310, 210),
(5267, 1311, 129),
(5268, 1312, 1152),
(5269, 1313, 318),
(5270, 1314, 635),
(5271, 1315, 427),
(5272, 1316, 307),
(5273, 1317, 1123),
(5274, 1318, 58),
(5275, 1319, 609),
(5276, 1320, 531),
(5277, 1321, 76),
(5278, 1322, 1340),
(5279, 1323, 804),
(5280, 1324, 428),
(5281, 1325, 142),
(5282, 1326, 123),
(5283, 1327, 1147),
(5284, 1328, 146),
(5285, 1329, 585),
(5286, 1330, 237),
(5287, 1331, 1255),
(5288, 1332, 280),
(5289, 1333, 322),
(5290, 1334, 1255),
(5291, 1335, 1213),
(5292, 1336, 1018),
(5293, 1337, 359),
(5294, 1338, 1036),
(5295, 1339, 1022),
(5296, 1340, 356),
(5297, 1341, 1346),
(5298, 1342, 1206),
(5299, 1343, 847),
(5300, 1344, 852),
(5301, 1345, 591),
(5302, 1346, 1077),
(5303, 1347, 1032),
(5304, 1348, 1302),
(5305, 1349, 482),
(5306, 1350, 117),
(5307, 1351, 1299),
(5308, 1352, 484),
(5309, 1353, 1347);