(5,1,0,1,),
(6,2,1,0,),
(7,3,2,2,),
(8,4,0,1,),
(9,5,0,1,),
(10,6,2,2,),
(11,7,1,1,),
(12,8,0,2,),
(13,9,2,0,),
(14,10,0,2,),
(15,11,0,0,),
(16,12,0,1,),
(17,13,1,0,),
(18,14,0,1,),
(19,15,2,0,),
(20,16,2,1,),
(21,17,0,0,),
(22,18,1,2,),
(23,19,1,1,),
(24,20,1,1,),
(25,21,0,2,),
(26,22,2,0,),
(27,23,0,0,),
(28,24,2,2,),
(29,25,1,0,),
(30,26,0,0,),
(31,27,0,2,),
(32,28,1,0,),
(33,29,0,0,),
(34,30,2,0,),
(35,31,0,1,),
(36,32,2,1,),
(37,33,1,0,),
(38,34,1,0,),
(39,35,0,0,),
(40,36,1,0,),
(41,37,2,2,),
(42,38,0,1,),
(43,39,0,1,),
(44,40,1,0,),
(45,41,2,1,),
(46,42,2,2,),
(47,43,2,0,),
(48,44,2,1,),
(49,45,2,1,),
(50,46,1,2,),
(51,47,2,1,),
(52,48,0,2,),
(53,49,2,1,),
(54,50,0,1,),
(55,51,0,1,),
(56,52,0,2,),
(57,53,0,1,),
(58,54,1,0,),
(59,55,0,0,),
(60,56,0,0,),
(61,57,1,1,),
(62,58,0,2,),
(63,59,1,1,),
(64,60,0,1,),
(65,61,0,1,),
(66,62,1,0,),
(67,63,1,0,),
(68,64,2,2,),
(69,65,1,1,),
(70,66,0,0,),
(71,67,2,2,),
(72,68,0,0,),
(73,69,2,2,),
(74,70,1,1,),
(75,71,1,1,),
(76,72,0,1,),
(77,73,2,1,),
(78,74,0,0,),
(79,75,2,0,),
(80,76,0,2,),
(81,77,0,1,),
(82,78,1,2,),
(83,79,0,0,),
(84,80,1,1,),
(85,81,0,1,),
(86,82,0,2,),
(87,83,1,0,),
(88,84,0,0,),
(89,85,2,0,),
(90,86,1,1,),
(91,87,2,1,),
(92,88,1,1,),
(93,89,1,2,),
(94,90,2,2,),
(95,91,1,1,),
(96,92,2,2,),
(97,93,0,1,),
(98,94,2,1,),
(99,95,0,2,),
(100,96,0,1,),
(101,97,1,0,),
(102,98,1,0,),
(103,99,2,0,),
(104,100,2,2,),
(105,101,1,1,),
(106,102,1,0,),
(107,103,0,2,),
(108,104,1,0,),
(109,105,2,1,),
(110,106,0,0,),
(111,107,1,2,),
(112,108,1,2,),
(113,109,2,0,),
(114,110,1,0,),
(115,111,0,2,),
(116,112,2,1,),
(117,113,1,0,),
(118,114,2,0,),
(119,115,0,2,),
(120,116,0,1,),
(121,117,1,0,),
(122,118,0,1,),
(123,119,1,2,),
(124,120,0,1,),
(125,121,2,2,),
(126,122,2,2,),
(127,123,2,1,),
(128,124,0,2,),
(129,125,0,0,),
(130,126,1,0,),
(131,127,1,1,),
(132,128,2,2,),
(133,129,0,0,),
(134,130,2,2,),
(135,131,0,2,),
(136,132,0,2,),
(137,133,2,2,),
(138,134,0,1,),
(139,135,1,2,),
(140,136,0,0,),
(141,137,0,2,),
(142,138,1,2,),
(143,139,1,1,),
(144,140,1,0,),
(145,141,2,2,),
(146,142,1,1,),
(147,143,1,2,),
(148,144,1,1,),
(149,145,0,0,),
(150,146,0,2,),
(151,147,0,1,),
(152,148,2,1,),
(153,149,1,2,),
(154,150,0,2,),
(155,151,1,1,),
(156,152,2,1,),
(157,153,1,1,),
(158,154,1,1,),
(159,155,2,0,),
(160,156,0,2,),
(161,157,2,2,),
(162,158,2,1,),
(163,159,2,2,),
(164,160,0,0,),
(165,161,2,2,),
(166,162,1,0,),
(167,163,2,1,),
(168,164,1,2,),
(169,165,1,0,),
(170,166,2,0,),
(171,167,2,2,),
(172,168,0,0,),
(173,169,2,0,),
(174,170,2,1,),
(175,171,1,1,),
(176,172,1,2,),
(177,173,0,2,),
(178,174,1,2,),
(179,175,0,1,),
(180,176,1,1,),
(181,177,1,0,),
(182,178,1,0,),
(183,179,0,0,),
(184,180,2,0,),
(185,181,1,1,),
(186,182,1,1,),
(187,183,2,0,),
(188,184,2,1,),
(189,185,2,0,),
(190,186,2,2,),
(191,187,2,0,),
(192,188,0,0,),
(193,189,1,1,),
(194,190,1,0,),
(195,191,1,0,),
(196,192,2,2,),
(197,193,2,2,),
(198,194,0,0,),
(199,195,2,0,),
(200,196,0,2,),
(201,197,2,2,),
(202,198,2,0,),
(203,199,1,2,),
(204,200,1,0,),
(205,201,1,1,),
(206,202,1,1,),
(207,203,1,0,),
(208,204,0,0,),
(209,205,0,0,),
(210,206,1,1,),
(211,207,0,2,),
(212,208,2,0,),
(213,209,1,0,),
(214,210,1,1,),
(215,211,2,2,),
(216,212,2,1,),
(217,213,1,0,),
(218,214,1,1,),
(219,215,0,0,),
(220,216,0,1,),
(221,217,2,0,),
(222,218,0,2,),
(223,219,0,2,),
(224,220,0,1,),
(225,221,2,1,),
(226,222,0,2,),
(227,223,1,0,),
(228,224,1,2,),
(229,225,0,2,),
(230,226,0,0,),
(231,227,2,2,),
(232,228,0,2,),
(233,229,0,1,),
(234,230,2,0,),
(235,231,2,2,),
(236,232,2,0,),
(237,233,2,0,),
(238,234,1,2,),
(239,235,0,2,),
(240,236,0,0,),
(241,237,2,2,),
(242,238,1,1,),
(243,239,2,0,),
(244,240,1,1,),
(245,241,1,1,),
(246,242,0,0,),
(247,243,2,0,),
(248,244,1,2,),
(249,245,0,1,),
(250,246,0,1,),
(251,247,0,0,),
(252,248,2,0,),
(253,249,0,2,),
(254,250,0,1,),
(255,251,1,2,),
(256,252,1,0,),
(257,253,1,1,),
(258,254,2,2,),
(259,255,1,2,),
(260,256,1,1,),
(261,257,1,2,),
(262,258,2,0,),
(263,259,2,0,),
(264,260,1,0,),
(265,261,0,1,),
(266,262,1,2,),
(267,263,1,0,),
(268,264,1,1,),
(269,265,0,2,),
(270,266,0,1,),
(271,267,2,2,),
(272,268,0,2,),
(273,269,0,1,),
(274,270,0,2,),
(275,271,0,1,),
(276,272,0,2,),
(277,273,0,0,),
(278,274,0,2,),
(279,275,1,2,),
(280,276,0,2,),
(281,277,1,1,),
(282,278,0,1,),
(283,279,0,1,),
(284,280,2,2,),
(285,281,2,0,),
(286,282,0,2,),
(287,283,1,2,),
(288,284,0,1,),
(289,285,1,0,),
(290,286,1,0,),
(291,287,2,2,),
(292,288,2,1,),
(293,289,2,0,),
(294,290,0,2,),
(295,291,0,1,),
(296,292,2,2,),
(297,293,2,2,),
(298,294,1,1,),
(299,295,2,0,),
(300,296,0,1,),
(301,297,1,1,),
(302,298,1,0,),
(303,299,2,0,),
(304,300,1,2,),
(305,301,0,0,),
(306,302,0,1,),
(307,303,2,1,),
(308,304,2,0,),
(309,305,1,1,),
(310,306,0,0,),
(311,307,2,0,),
(312,308,2,2,),
(313,309,0,1,),
(314,310,2,2,),
(315,311,0,0,),
(316,312,0,0,),
(317,313,0,2,),
(318,314,0,1,),
(319,315,1,1,),
(320,316,1,0,),
(321,317,2,1,),
(322,318,0,2,),
(323,319,1,2,),
(324,320,0,2,),
(325,321,0,2,),
(326,322,0,2,),
(327,323,0,1,),
(328,324,2,0,),
(329,325,0,0,),
(330,326,2,2,),
(331,327,0,2,),
(332,328,2,0,),
(333,329,2,0,),
(334,330,2,2,),
(335,331,0,0,),
(336,332,2,2,),
(337,333,1,2,),
(338,334,0,0,),
(339,335,0,1,),
(340,336,0,1,),
(341,337,2,0,),
(342,338,2,1,),
(343,339,1,1,),
(344,340,2,0,),
(345,341,0,1,),
(346,342,0,2,),
(347,343,0,0,),
(348,344,2,2,),
(349,345,1,0,),
(350,346,0,0,),
(351,347,1,0,),
(352,348,0,2,),
(353,349,1,1,),
(354,350,2,2,),
(355,351,0,0,),
(356,352,0,2,),
(357,353,0,0,),
(358,354,0,0,),
(359,355,2,2,),
(360,356,2,0,),
(361,357,0,0,),
(362,358,2,0,),
(363,359,2,0,),
(364,360,1,1,),
(365,361,1,2,),
(366,362,2,2,),
(367,363,1,0,),
(368,364,2,1,),
(369,365,0,2,),
(370,366,0,0,),
(371,367,1,1,),
(372,368,0,2,),
(373,369,2,0,),
(374,370,0,0,),
(375,371,1,0,),
(376,372,1,0,),
(377,373,0,0,),
(378,374,0,0,),
(379,375,2,0,),
(380,376,0,0,),
(381,377,2,2,),
(382,378,0,1,),
(383,379,0,0,),
(384,380,1,0,),
(385,381,2,2,),
(386,382,1,1,),
(387,383,0,1,),
(388,384,1,2,),
(389,385,2,2,),
(390,386,2,2,),
(391,387,0,2,),
(392,388,1,1,),
(393,389,1,0,),
(394,390,0,1,),
(395,391,0,0,),
(396,392,1,0,),
(397,393,2,1,),
(398,394,1,0,),
(399,395,0,2,),
(400,396,1,0,),
(401,397,2,2,),
(402,398,2,0,),
(403,399,1,1,),
(404,400,2,2,),
(405,401,0,2,),
(406,402,2,1,),
(407,403,0,0,),
(408,404,2,1,),
(409,405,2,2,),
(410,406,1,0,),
(411,407,2,1,),
(412,408,0,1,),
(413,409,1,2,),
(414,410,2,0,),
(415,411,1,2,),
(416,412,1,0,),
(417,413,0,1,),
(418,414,1,1,),
(419,415,1,1,),
(420,416,0,0,),
(421,417,2,2,),
(422,418,1,1,),
(423,419,2,2,),
(424,420,1,1,),
(425,421,1,0,),
(426,422,1,1,),
(427,423,2,0,),
(428,424,2,2,),
(429,425,0,2,),
(430,426,1,0,),
(431,427,2,1,),
(432,428,1,2,),
(433,429,0,2,),
(434,430,0,0,),
(435,431,1,2,),
(436,432,2,0,),
(437,433,2,0,),
(438,434,1,1,),
(439,435,0,2,),
(440,436,0,2,),
(441,437,0,1,),
(442,438,1,1,),
(443,439,2,0,),
(444,440,1,1,),
(445,441,2,2,),
(446,442,2,0,),
(447,443,0,2,),
(448,444,1,1,),
(449,445,2,0,),
(450,446,2,0,),
(451,447,1,2,),
(452,448,0,1,),
(453,449,2,0,),
(454,450,0,0,),
(455,451,2,2,),
(456,452,2,0,),
(457,453,1,1,),
(458,454,1,0,),
(459,455,2,1,),
(460,456,2,1,),
(461,457,1,1,),
(462,458,2,2,),
(463,459,1,1,),
(464,460,2,1,),
(465,461,0,2,),
(466,462,0,0,),
(467,463,0,2,),
(468,464,1,0,),
(469,465,2,1,),
(470,466,1,2,),
(471,467,2,2,),
(472,468,1,0,),
(473,469,0,0,),
(474,470,2,2,),
(475,471,0,2,),
(476,472,1,1,),
(477,473,1,2,),
(478,474,0,0,),
(479,475,2,2,),
(480,476,2,2,),
(481,477,2,0,),
(482,478,0,1,),
(483,479,0,1,),
(484,480,2,0,),
(485,481,2,2,),
(486,482,0,2,),
(487,483,0,0,),
(488,484,0,0,),
(489,485,0,1,),
(490,486,2,2,),
(491,487,2,1,),
(492,488,0,2,),
(493,489,2,1,),
(494,490,1,2,),
(495,491,1,1,),
(496,492,2,2,),
(497,493,0,0,),
(498,494,0,0,),
(499,495,0,1,),
(500,496,1,2,),
(501,497,2,1,),
(502,498,2,1,),
(503,499,1,1,),
(504,500,0,0,),
(505,501,2,1,),
(506,502,2,0,),
(507,503,1,0,),
(508,504,0,1,),
(509,505,1,0,),
(510,506,0,2,),
(511,507,2,1,),
(512,508,2,1,),
(513,509,0,0,),
(514,510,2,0,),
(515,511,1,2,),
(516,512,2,2,),
(517,513,0,2,),
(518,514,1,2,),
(519,515,0,2,),
(520,516,1,2,),
(521,517,0,0,),
(522,518,2,2,),
(523,519,0,2,),
(524,520,0,2,),
(525,521,0,1,),
(526,522,1,2,),
(527,523,1,0,),
(528,524,2,1,),
(529,525,2,2,),
(530,526,2,2,),
(531,527,2,1,),
(532,528,0,2,),
(533,529,0,1,),
(534,530,2,2,),
(535,531,1,1,),
(536,532,1,1,),
(537,533,1,0,),
(538,534,1,0,),
(539,535,1,0,),
(540,536,0,1,),
(541,537,0,2,),
(542,538,0,2,),
(543,539,0,1,),
(544,540,2,2,),
(545,541,1,0,),
(546,542,0,0,),
(547,543,2,2,),
(548,544,2,1,),
(549,545,0,1,),
(550,546,1,1,),
(551,547,0,0,),
(552,548,0,1,),
(553,549,1,1,),
(554,550,2,0,),
(555,551,0,0,),
(556,552,2,0,),
(557,553,2,1,),
(558,554,1,2,),
(559,555,1,2,),
(560,556,1,2,),
(561,557,2,1,),
(562,558,0,1,),
(563,559,0,0,),
(564,560,1,2,),
(565,561,0,2,),
(566,562,1,1,),
(567,563,1,2,),
(568,564,2,2,),
(569,565,0,2,),
(570,566,0,1,),
(571,567,0,2,),
(572,568,0,1,),
(573,569,1,0,),
(574,570,1,1,),
(575,571,2,0,),
(576,572,0,0,),
(577,573,2,2,),
(578,574,2,2,),
(579,575,1,0,),
(580,576,2,1,),
(581,577,2,0,),
(582,578,1,2,),
(583,579,1,1,),
(584,580,2,1,),
(585,581,2,2,),
(586,582,2,2,),
(587,583,1,0,),
(588,584,2,0,),
(589,585,0,0,),
(590,586,1,0,),
(591,587,1,1,),
(592,588,0,0,),
(593,589,0,1,),
(594,590,2,0,),
(595,591,1,0,),
(596,592,1,0,),
(597,593,0,1,),
(598,594,2,1,),
(599,595,1,2,),
(600,596,2,1,),
(601,597,2,1,),
(602,598,1,0,),
(603,599,0,0,),
(604,600,1,0,),
(605,601,2,0,),
(606,602,2,0,),
(607,603,0,1,),
(608,604,1,2,),
(609,605,2,2,),
(610,606,1,0,),
(611,607,0,2,),
(612,608,2,1,),
(613,609,1,0,),
(614,610,1,1,),
(615,611,2,1,),
(616,612,2,2,),
(617,613,2,0,),
(618,614,2,0,),
(619,615,2,2,),
(620,616,0,0,),
(621,617,2,2,),
(622,618,2,0,),
(623,619,0,0,),
(624,620,0,0,),
(625,621,2,1,),
(626,622,1,1,),
(627,623,2,2,),
(628,624,0,0,),
(629,625,2,0,),
(630,626,2,1,),
(631,627,2,1,),
(632,628,1,2,),
(633,629,0,0,),
(634,630,1,2,),
(635,631,2,0,),
(636,632,0,2,),
(637,633,1,0,),
(638,634,2,2,),
(639,635,1,2,),
(640,636,1,2,),
(641,637,1,2,),
(642,638,0,2,),
(643,639,2,0,),
(644,640,2,0,),
(645,641,2,0,),
(646,642,1,1,),
(647,643,1,0,),
(648,644,0,1,),
(649,645,0,2,),
(650,646,2,1,),
(651,647,0,2,),
(652,648,0,1,),
(653,649,0,1,),
(654,650,2,1,),
(655,651,0,0,),
(656,652,0,0,),
(657,653,0,1,),
(658,654,1,0,),
(659,655,2,0,),
(660,656,2,1,),
(661,657,0,0,),
(662,658,1,1,),
(663,659,2,2,),
(664,660,0,0,),
(665,661,0,0,),
(666,662,0,0,),
(667,663,2,0,),
(668,664,0,2,),
(669,665,0,0,),
(670,666,0,1,),
(671,667,0,0,),
(672,668,1,2,),
(673,669,1,2,),
(674,670,0,0,),
(675,671,2,1,),
(676,672,0,2,),
(677,673,0,0,),
(678,674,2,0,),
(679,675,1,2,),
(680,676,1,0,),
(681,677,2,0,),
(682,678,2,1,),
(683,679,0,2,),
(684,680,2,1,),
(685,681,0,2,),
(686,682,1,0,),
(687,683,1,0,),
(688,684,1,2,),
(689,685,2,0,),
(690,686,0,2,),
(691,687,0,2,),
(692,688,0,0,),
(693,689,2,2,),
(694,690,1,1,),
(695,691,0,0,),
(696,692,0,1,),
(697,693,2,1,),
(698,694,2,1,),
(699,695,1,1,),
(700,696,1,2,),
(701,697,0,1,),
(702,698,1,0,),
(703,699,1,0,),
(704,700,2,0,),
(705,701,1,1,),
(706,702,1,2,),
(707,703,1,0,),
(708,704,1,0,),
(709,705,0,0,),
(710,706,2,0,),
(711,707,0,0,),
(712,708,0,1,),
(713,709,2,0,),
(714,710,2,0,),
(715,711,1,1,),
(716,712,1,0,),
(717,713,1,2,),
(718,714,1,1,),
(719,715,2,1,),
(720,716,1,1,),
(721,717,0,0,),
(722,718,1,2,),
(723,719,1,0,),
(724,720,0,1,),
(725,721,0,1,),
(726,722,0,2,),
(727,723,1,1,),
(728,724,1,1,),
(729,725,2,0,),
(730,726,2,2,),
(731,727,2,2,),
(732,728,0,1,),
(733,729,0,2,),
(734,730,1,1,),
(735,731,2,0,),
(736,732,2,1,),
(737,733,2,1,),
(738,734,0,0,),
(739,735,2,2,),
(740,736,0,1,),
(741,737,0,1,),
(742,738,2,2,),
(743,739,2,1,),
(744,740,2,0,),
(745,741,1,0,),
(746,742,2,1,),
(747,743,0,0,),
(748,744,2,2,),
(749,745,2,2,),
(750,746,2,0,),
(751,747,0,1,),
(752,748,0,2,),
(753,749,1,2,),
(754,750,0,0,),
(755,751,0,0,),
(756,752,1,0,),
(757,753,0,0,),
(758,754,0,1,),
(759,755,0,0,),
(760,756,1,1,),
(761,757,1,1,),
(762,758,0,1,),
(763,759,1,1,),
(764,760,1,2,),
(765,761,2,1,),
(766,762,1,2,),
(767,763,0,2,),
(768,764,2,0,),
(769,765,2,0,),
(770,766,0,2,),
(771,767,1,0,),
(772,768,1,0,),
(773,769,2,0,),
(774,770,1,1,),
(775,771,1,2,),
(776,772,0,2,),
(777,773,1,1,),
(778,774,2,2,),
(779,775,0,2,),
(780,776,2,0,),
(781,777,1,0,),
(782,778,2,1,),
(783,779,0,0,),
(784,780,2,1,),
(785,781,1,2,),
(786,782,2,0,),
(787,783,1,1,),
(788,784,0,2,),
(789,785,2,0,),
(790,786,2,2,),
(791,787,2,0,),
(792,788,0,1,),
(793,789,1,2,),
(794,790,1,1,),
(795,791,1,0,),
(796,792,1,0,),
(797,793,2,0,),
(798,794,0,1,),
(799,795,1,0,),
(800,796,2,2,),
(801,797,0,1,),
(802,798,0,0,),
(803,799,0,0,),
(804,800,1,0,),
(805,801,1,0,),
(806,802,0,0,),
(807,803,2,0,),
(808,804,0,2,),
(809,805,2,2,),
(810,806,2,0,),
(811,807,2,0,),
(812,808,0,0,),
(813,809,0,0,),
(814,810,0,2,),
(815,811,2,2,),
(816,812,1,1,),
(817,813,0,2,),
(818,814,0,0,),
(819,815,1,2,),
(820,816,0,0,),
(821,817,1,1,),
(822,818,1,2,),
(823,819,1,0,),
(824,820,2,0,),
(825,821,0,0,),
(826,822,2,0,),
(827,823,0,0,),
(828,824,1,0,),
(829,825,2,2,),
(830,826,2,2,),
(831,827,0,0,),
(832,828,0,0,),
(833,829,1,2,),
(834,830,1,1,),
(835,831,2,0,),
(836,832,0,0,),
(837,833,2,1,),
(838,834,0,2,),
(839,835,0,1,),
(840,836,1,1,),
(841,837,0,0,),
(842,838,1,2,),
(843,839,1,2,),
(844,840,1,2,),
(845,841,2,0,),
(846,842,0,1,),
(847,843,1,0,),
(848,844,0,0,),
(849,845,1,2,),
(850,846,0,1,),
(851,847,0,1,),
(852,848,0,2,),
(853,849,0,0,),
(854,850,2,0,),
(855,851,0,0,),
(856,852,0,2,),
(857,853,2,2,),
(858,854,2,0,),
(859,855,1,2,),
(860,856,2,0,),
(861,857,1,2,),
(862,858,2,1,),
(863,859,0,0,),
(864,860,0,2,),
(865,861,2,0,),
(866,862,2,1,),
(867,863,1,2,),
(868,864,2,1,),
(869,865,2,2,),
(870,866,1,2,),
(871,867,2,0,),
(872,868,0,1,),
(873,869,0,1,),
(874,870,0,2,),
(875,871,2,0,),
(876,872,0,0,),
(877,873,2,2,),
(878,874,1,1,),
(879,875,2,1,),
(880,876,1,1,),
(881,877,2,0,),
(882,878,2,2,),
(883,879,1,0,),
(884,880,0,1,),
(885,881,1,2,),
(886,882,0,2,),
(887,883,2,0,),
(888,884,1,0,),
(889,885,0,0,),
(890,886,2,2,),
(891,887,0,0,),
(892,888,1,1,),
(893,889,1,0,),
(894,890,0,0,),
(895,891,2,2,),
(896,892,1,0,),
(897,893,0,2,),
(898,894,0,1,),
(899,895,0,1,),
(900,896,1,2,),
(901,897,2,1,),
(902,898,0,2,),
(903,899,1,1,),
(904,900,0,1,),
(905,901,2,0,),
(906,902,2,2,),
(907,903,0,0,),
(908,904,1,1,),
(909,905,2,1,),
(910,906,2,0,),
(911,907,1,0,),
(912,908,2,2,),
(913,909,1,0,),
(914,910,1,0,),
(915,911,0,0,),
(916,912,2,0,),
(917,913,2,2,),
(918,914,0,0,),
(919,915,0,1,),
(920,916,2,1,),
(921,917,0,0,),
(922,918,1,2,),
(923,919,1,2,),
(924,920,1,0,),
(925,921,2,0,),
(926,922,1,1,),
(927,923,2,0,),
(928,924,1,2,),
(929,925,0,2,),
(930,926,2,2,),
(931,927,2,2,),
(932,928,0,1,),
(933,929,1,1,),
(934,930,2,0,),
(935,931,2,2,),
(936,932,0,2,),
(937,933,2,1,),
(938,934,0,0,),
(939,935,1,0,),
(940,936,0,1,),
(941,937,0,0,),
(942,938,0,1,),
(943,939,1,2,),
(944,940,2,0,),
(945,941,0,2,),
(946,942,1,1,),
(947,943,0,1,),
(948,944,1,1,),
(949,945,0,1,),
(950,946,1,0,),
(951,947,1,0,),
(952,948,0,1,),
(953,949,1,1,),
(954,950,2,1,),
(955,951,1,2,),
(956,952,1,0,),
(957,953,1,2,),
(958,954,2,2,),
(959,955,1,0,),
(960,956,2,1,),
(961,957,1,2,),
(962,958,2,1,),
(963,959,0,0,),
(964,960,0,1,),
(965,961,0,1,),
(966,962,1,2,),
(967,963,1,0,),
(968,964,0,0,),
(969,965,2,2,),
(970,966,2,2,),
(971,967,1,0,),
(972,968,0,1,),
(973,969,1,1,),
(974,970,0,0,),
(975,971,2,1,),
(976,972,2,1,),
(977,973,2,0,),
(978,974,2,1,),
(979,975,0,2,),
(980,976,0,0,),
(981,977,2,0,),
(982,978,0,0,),
(983,979,2,1,),
(984,980,2,2,),
(985,981,2,2,),
(986,982,2,2,),
(987,983,1,1,),
(988,984,0,0,),
(989,985,1,1,),
(990,986,2,1,),
(991,987,0,2,),
(992,988,2,0,),
(993,989,1,1,),
(994,990,0,1,),
(995,991,0,2,),
(996,992,2,0,),
(997,993,0,0,),
(998,994,1,2,),
(999,995,1,1,),
(1000,996,2,0,),
(1001,997,0,1,),
(1002,998,2,1,),
(1003,999,2,2,),
(1004,1000,1,,1,),
(1005,1001,2,,2,),
(1006,1002,1,,2,),
(1007,1003,1,,0,),
(1008,1004,1,,2,),
(1009,1005,0,,0,),
(1010,1006,0,,0,),
(1011,1007,0,,1,),
(1012,1008,1,,0,),
(1013,1009,0,,1,),
(1014,1010,1,,1,),
(1015,1011,0,,0,),
(1016,1012,1,,1,),
(1017,1013,1,,2,),
(1018,1014,0,,0,),
(1019,1015,1,,0,),
(1020,1016,0,,0,),
(1021,1017,0,,2,),
(1022,1018,1,,2,),
(1023,1019,2,,2,),
(1024,1020,2,,0,),
(1025,1021,0,,2,),
(1026,1022,0,,0,),
(1027,1023,0,,0,),
(1028,1024,1,,1,),
(1029,1025,1,,0,),
(1030,1026,1,,0,),
(1031,1027,1,,1,),
(1032,1028,2,,1,),
(1033,1029,2,,1,),
(1034,1030,2,,0,),
(1035,1031,0,,2,),
(1036,1032,0,,0,),
(1037,1033,0,,1,),
(1038,1034,1,,0,),
(1039,1035,1,,1,),
(1040,1036,2,,2,),
(1041,1037,0,,2,),
(1042,1038,0,,1,),
(1043,1039,1,,1,),
(1044,1040,2,,0,),
(1045,1041,0,,0,),
(1046,1042,0,,0,),
(1047,1043,0,,2,),
(1048,1044,0,,1,),
(1049,1045,1,,2,),
(1050,1046,0,,2,),
(1051,1047,2,,0,),
(1052,1048,1,,2,),
(1053,1049,1,,0,),
(1054,1050,0,,1,),
(1055,1051,0,,0,),
(1056,1052,2,,0,),
(1057,1053,0,,2,),
(1058,1054,2,,2,),
(1059,1055,2,,1,),
(1060,1056,2,,2,),
(1061,1057,0,,1,),
(1062,1058,1,,0,),
(1063,1059,1,,0,),
(1064,1060,0,,0,),
(1065,1061,0,,0,),
(1066,1062,1,,0,),
(1067,1063,2,,2,),
(1068,1064,2,,2,),
(1069,1065,1,,2,),
(1070,1066,2,,1,),
(1071,1067,1,,0,),
(1072,1068,1,,0,),
(1073,1069,1,,1,),
(1074,1070,0,,1,),
(1075,1071,0,,1,),
(1076,1072,0,,1,),
(1077,1073,1,,0,),
(1078,1074,0,,1,),
(1079,1075,0,,1,),
(1080,1076,2,,0,),
(1081,1077,0,,0,),
(1082,1078,1,,0,),
(1083,1079,1,,1,),
(1084,1080,0,,1,),
(1085,1081,2,,2,),
(1086,1082,1,,2,),
(1087,1083,0,,0,),
(1088,1084,2,,0,),
(1089,1085,2,,2,),
(1090,1086,1,,1,),
(1091,1087,2,,1,),
(1092,1088,0,,2,),
(1093,1089,1,,2,),
(1094,1090,2,,1,),
(1095,1091,0,,0,),
(1096,1092,1,,2,),
(1097,1093,1,,0,),
(1098,1094,0,,2,),
(1099,1095,2,,0,),
(1100,1096,1,,1,),
(1101,1097,1,,0,),
(1102,1098,2,,0,),
(1103,1099,0,,1,),
(1104,1100,2,,2,),
(1105,1101,2,,2,),
(1106,1102,1,,1,),
(1107,1103,1,,0,),
(1108,1104,2,,1,),
(1109,1105,2,,1,),
(1110,1106,1,,0,),
(1111,1107,0,,2,),
(1112,1108,2,,1,),
(1113,1109,0,,1,),
(1114,1110,0,,2,),
(1115,1111,2,,0,),
(1116,1112,0,,2,),
(1117,1113,0,,1,),
(1118,1114,2,,1,),
(1119,1115,2,,2,),
(1120,1116,1,,2,),
(1121,1117,2,,2,),
(1122,1118,0,,2,),
(1123,1119,2,,1,),
(1124,1120,0,,0,),
(1125,1121,2,,0,),
(1126,1122,2,,1,),
(1127,1123,1,,1,),
(1128,1124,1,,2,),
(1129,1125,2,,2,),
(1130,1126,2,,1,),
(1131,1127,2,,2,),
(1132,1128,1,,2,),
(1133,1129,2,,1,),
(1134,1130,2,,0,),
(1135,1131,2,,0,),
(1136,1132,1,,2,),
(1137,1133,0,,2,),
(1138,1134,2,,2,),
(1139,1135,0,,0,),
(1140,1136,2,,1,),
(1141,1137,1,,2,),
(1142,1138,0,,1,),
(1143,1139,1,,0,),
(1144,1140,0,,0,),
(1145,1141,0,,0,),
(1146,1142,2,,0,),
(1147,1143,1,,0,),
(1148,1144,1,,1,),
(1149,1145,1,,2,),
(1150,1146,1,,0,),
(1151,1147,2,,2,),
(1152,1148,2,,0,),
(1153,1149,1,,0,),
(1154,1150,0,,0,),
(1155,1151,0,,1,),
(1156,1152,1,,1,),
(1157,1153,0,,0,),
(1158,1154,1,,0,),
(1159,1155,1,,2,),
(1160,1156,0,,0,),
(1161,1157,2,,2,),
(1162,1158,2,,2,),
(1163,1159,0,,1,),
(1164,1160,1,,1,),
(1165,1161,1,,1,),
(1166,1162,0,,1,),
(1167,1163,0,,1,),
(1168,1164,0,,0,),
(1169,1165,1,,1,),
(1170,1166,2,,2,),
(1171,1167,2,,0,),
(1172,1168,2,,2,),
(1173,1169,2,,2,),
(1174,1170,0,,1,),
(1175,1171,2,,2,),
(1176,1172,0,,0,),
(1177,1173,2,,1,),
(1178,1174,1,,1,),
(1179,1175,0,,2,),
(1180,1176,2,,1,),
(1181,1177,1,,1,),
(1182,1178,1,,2,),
(1183,1179,1,,1,),
(1184,1180,2,,2,),
(1185,1181,2,,2,),
(1186,1182,1,,0,),
(1187,1183,0,,2,),
(1188,1184,2,,2,),
(1189,1185,0,,0,),
(1190,1186,2,,2,),
(1191,1187,2,,1,),
(1192,1188,2,,0,),
(1193,1189,2,,1,),
(1194,1190,0,,2,),
(1195,1191,2,,2,),
(1196,1192,0,,0,),
(1197,1193,2,,1,),
(1198,1194,0,,1,),
(1199,1195,0,,2,),
(1200,1196,2,,2,),
(1201,1197,2,,0,),
(1202,1198,1,,0,),
(1203,1199,1,,1,),
(1204,1200,1,,0,),
(1205,1201,1,,1,),
(1206,1202,0,,0,),
(1207,1203,2,,2,),
(1208,1204,1,,0,),
(1209,1205,1,,0,),
(1210,1206,0,,1,),
(1211,1207,2,,1,),
(1212,1208,0,,2,),
(1213,1209,1,,2,),
(1214,1210,2,,0,),
(1215,1211,0,,0,),
(1216,1212,0,,1,),
(1217,1213,1,,2,),
(1218,1214,0,,0,),
(1219,1215,2,,0,),
(1220,1216,2,,2,),
(1221,1217,1,,0,),
(1222,1218,0,,1,),
(1223,1219,2,,0,),
(1224,1220,1,,2,),
(1225,1221,2,,2,),
(1226,1222,2,,0,),
(1227,1223,2,,0,),
(1228,1224,1,,1,),
(1229,1225,0,,1,),
(1230,1226,0,,1,),
(1231,1227,1,,0,),
(1232,1228,2,,0,),
(1233,1229,1,,2,),
(1234,1230,0,,2,),
(1235,1231,0,,1,),
(1236,1232,0,,0,),
(1237,1233,1,,2,),
(1238,1234,2,,2,),
(1239,1235,1,,1,),
(1240,1236,2,,1,),
(1241,1237,0,,1,),
(1242,1238,1,,0,),
(1243,1239,0,,1,),
(1244,1240,0,,0,),
(1245,1241,1,,1,),
(1246,1242,0,,1,),
(1247,1243,0,,1,),
(1248,1244,2,,0,),
(1249,1245,1,,2,),
(1250,1246,0,,2,),
(1251,1247,2,,0,),
(1252,1248,2,,1,),
(1253,1249,1,,2,),
(1254,1250,0,,0,),
(1255,1251,2,,0,),
(1256,1252,1,,2,),
(1257,1253,0,,1,),
(1258,1254,2,,0,),
(1259,1255,1,,0,),
(1260,1256,1,,0,),
(1261,1257,0,,0,),
(1262,1258,0,,2,),
(1263,1259,2,,0,),
(1264,1260,0,,2,),
(1265,1261,1,,1,),
(1266,1262,0,,2,),
(1267,1263,2,,2,),
(1268,1264,0,,1,),
(1269,1265,2,,2,),
(1270,1266,0,,2,),
(1271,1267,2,,0,),
(1272,1268,0,,0,),
(1273,1269,1,,0,),
(1274,1270,2,,0,),
(1275,1271,1,,0,),
(1276,1272,2,,2,),
(1277,1273,1,,0,),
(1278,1274,0,,1,),
(1279,1275,1,,2,),
(1280,1276,0,,1,),
(1281,1277,0,,2,),
(1282,1278,1,,2,),
(1283,1279,1,,2,),
(1284,1280,0,,1,),
(1285,1281,0,,2,),
(1286,1282,0,,1,),
(1287,1283,2,,0,),
(1288,1284,0,,0,),
(1289,1285,1,,0,),
(1290,1286,2,,1,),
(1291,1287,1,,0,),
(1292,1288,2,,0,),
(1293,1289,1,,0,),
(1294,1290,0,,1,),
(1295,1291,2,,1,),
(1296,1292,0,,2,),
(1297,1293,0,,2,),
(1298,1294,2,,1,),
(1299,1295,1,,1,),
(1300,1296,2,,0,),
(1301,1297,1,,0,),
(1302,1298,2,,2,),
(1303,1299,1,,1,),
(1304,1300,2,,1,),
(1305,1301,2,,0,),
(1306,1302,0,,0,),
(1307,1303,2,,1,),
(1308,1304,1,,1,),
(1309,1305,0,,0,),
(1310,1306,2,,1,),
(1311,1307,1,,0,),
(1312,1308,2,,0,),
(1313,1309,2,,2,),
(1314,1310,2,,1,),
(1315,1311,0,,0,),
(1316,1312,0,,1,),
(1317,1313,0,,2,),
(1318,1314,1,,2,),
(1319,1315,1,,0,),
(1320,1316,2,,0,),
(1321,1317,2,,2,),
(1322,1318,1,,0,),
(1323,1319,1,,1,),
(1324,1320,2,,1,),
(1325,1321,2,,0,),
(1326,1322,2,,2,),
(1327,1323,0,,0,),
(1328,1324,2,,2,),
(1329,1325,2,,0,);